61
G000006785	0.0	0.1769348017571285	0.3049347968005296	0.24653640027767587	0.28403705611170943	0.2996674483382237	0.29718727553283053	0.27836008247293903	0.29479823755555046	0.27836008247293903	0.3106659991430135	0.30773764412939153	0.20042346693072297	0.24546887929073957	0.2433868009929111	0.2597337642165006	0.32032765459644164	0.331643501310515	0.331643501310515	0.3276549144508834	0.3169477686964359	0.31373193148001866	0.31373193148001866	0.31373193148001866	0.31373193148001866	0.31373193148001866	0.32032765459644164	0.3169477686964359	0.28604781058084794	0.27836008247293903	0.3106659991430135	0.07933122892749159	0.2820870274473271	0.32032765459644164	0.3169477686964359	0.29718727553283053	0.26682794331323434	0.29479823755555046	0.2683495390574761	0.23942977993725656	0.31373193148001866	0.3049347968005296	0.3022471188556466	0.29718727553283053	0.2820870274473271	0.28403705611170943	0.30773764412939153	0.29479823755555046	0.2765765491958868	0.2731545668227686	0.32389069425461553	0.28604781058084794	0.29718727553283053	0.3106659991430135	0.23222902345297736	0.2801958129262342	0.22973899487760674	0.2765765491958868	0.2801958129262342	0.2731545668227686	0.019198539282965176
G000007265	0.1769348017571285	0.0	0.2996674483382237	0.26991005616576047	0.30773764412939153	0.29718727553283053	0.2117204608762137	0.2653421900839795	0.2996674483382237	0.23308270492107322	0.32389069425461553	0.28812564029324994	0.26247455270352615	0.185912811277528	0.20996269672723128	0.28604781058084794	0.3276549144508834	0.34040718308838414	0.34040718308838414	0.3561146051231944	0.3169477686964359	0.30773764412939153	0.30773764412939153	0.3049347968005296	0.30773764412939153	0.3106659991430135	0.30773764412939153	0.3169477686964359	0.2597337642165006	0.23662644399026972	0.3106659991430135	0.21353419835850074	0.29027403426670284	0.31373193148001866	0.32032765459644164	0.30773764412939153	0.28403705611170943	0.3049347968005296	0.28812564029324994	0.26991005616576047	0.2545965262129878	0.29718727553283053	0.3169477686964359	0.331643501310515	0.26389207279748966	0.2996674483382237	0.25218239713973195	0.32389069425461553	0.23848088447154453	0.26247455270352615	0.27484196684537837	0.29479823755555046	0.23222902345297736	0.331643501310515	0.2765765491958868	0.2765765491958868	0.2597337642165006	0.28403705611170943	0.28604781058084794	0.28403705611170943	0.20042346693072297
G000007465	0.3049347968005296	0.2996674483382237	0.0	0.30773764412939153	0.32389069425461553	0.3169477686964359	0.32389069425461553	0.3169477686964359	0.3276549144508834	0.3022471188556466	0.2820870274473271	0.22142421109400806	0.30773764412939153	0.31373193148001866	0.29718727553283053	0.3169477686964359	0.29027403426670284	0.3022471188556466	0.3022471188556466	0.32032765459644164	0.00860265906578237	0.009658677241101567	0.00964217627949698	0.006700249973565685	0.008704537800443033	0.009137568063197593	0.006534927677146279	0.008501320095874149	0.29718727553283053	0.29027403426670284	0.21112789771156504	0.3022471188556466	0.30773764412939153	0.01125574018414462	0.21540830420900098	0.2820870274473271	0.30773764412939153	0.30773764412939153	0.2801958129262342	0.31373193148001866	0.33588342363246515	0.3049347968005296	0.331643501310515	0.3504702783083232	0.28403705611170943	0.3169477686964359	0.3022471188556466	0.2444194986283164	0.31373193148001866	0.31373193148001866	0.3561146051231944	0.23394828759700556	0.32389069425461553	0.30773764412939153	0.3049347968005296	0.3049347968005296	0.3022471188556466	0.30773764412939153	0.2924965377783548	0.31373193148001866	0.3561146051231944
G000009545	0.24653640027767587	0.26991005616576047	0.30773764412939153	0.0	0.32032765459644164	0.31373193148001866	0.3106659991430135	0.32032765459644164	0.29479823755555046	0.3169477686964359	0.331643501310515	0.29479823755555046	0.2597337642165006	0.23482717926450708	0.26991005616576047	0.23942977993725656	0.34525307337277605	0.3764506193583299	0.3764506193583299	0.3504702783083232	0.3276549144508834	0.331643501310515	0.331643501310515	0.32389069425461553	0.3276549144508834	0.32389069425461553	0.32389069425461553	0.3276549144508834	0.2924965377783548	0.2924965377783548	0.31373193148001866	0.24986112559927015	0.32032765459644164	0.3276549144508834	0.32389069425461553	0.30773764412939153	0.2683495390574761	0.30773764412939153	0.2996674483382237	0.24653640027767587	0.3504702783083232	0.3049347968005296	0.33588342363246515	0.34040718308838414	0.28812564029324994	0.3022471188556466	0.32389069425461553	0.32389069425461553	0.30773764412939153	0.29027403426670284	0.3504702783083232	0.3022471188556466	0.3169477686964359	0.3276549144508834	0.25840875040513483	0.2996674483382237	0.23942977993725656	0.2996674483382237	0.29479823755555046	0.29027403426670284	0.2715111677956824
G000014205	0.28403705611170943	0.30773764412939153	0.32389069425461553	0.32032765459644164	0.0	0.12925228129720268	0.30773764412939153	0.23848088447154453	0.2558416733307445	0.24137670742214845	0.32032765459644164	0.32389069425461553	0.30773764412939153	0.32032765459644164	0.30773764412939153	0.32389069425461553	0.32032765459644164	0.33588342363246515	0.33588342363246515	0.34525307337277605	0.3561146051231944	0.3504702783083232	0.3504702783083232	0.3561146051231944	0.3561146051231944	0.3504702783083232	0.3561146051231944	0.3561146051231944	0.29479823755555046	0.3022471188556466	0.31373193148001866	0.29479823755555046	0.24237348254622648	0.3504702783083232	0.3276549144508834	0.32032765459644164	0.3049347968005296	0.28604781058084794	0.31373193148001866	0.34040718308838414	0.31373193148001866	0.3276549144508834	0.25101038204265297	0.3169477686964359	0.3106659991430135	0.3049347968005296	0.14818483018721884	0.33588342363246515	0.2924965377783548	0.30773764412939153	0.3276549144508834	0.20714721551151838	0.26389207279748966	0.32032765459644164	0.3276549144508834	0.26991005616576047	0.34040718308838414	0.28812564029324994	0.2924965377783548	0.32389069425461553	0.32389069425461553
G000017005	0.2996674483382237	0.29718727553283053	0.3169477686964359	0.31373193148001866	0.12925228129720268	0.0	0.29718727553283053	0.22505759462756314	0.22657648943489755	0.2305572069254928	0.3022471188556466	0.32389069425461553	0.30773764412939153	0.3049347968005296	0.29027403426670284	0.3276549144508834	0.32389069425461553	0.34040718308838414	0.34040718308838414	0.3504702783083232	0.3504702783083232	0.34525307337277605	0.34525307337277605	0.3561146051231944	0.34525307337277605	0.34040718308838414	0.3561146051231944	0.3504702783083232	0.2765765491958868	0.29479823755555046	0.3276549144508834	0.30773764412939153	0.21054242275835122	0.34525307337277605	0.34525307337277605	0.3106659991430135	0.3049347968005296	0.29479823755555046	0.3022471188556466	0.3276549144508834	0.3276549144508834	0.3106659991430135	0.26389207279748966	0.331643501310515	0.31373193148001866	0.29479823755555046	0.1662909224697178	0.3169477686964359	0.2996674483382237	0.3049347968005296	0.3276549144508834	0.2305572069254928	0.25840875040513483	0.32389069425461553	0.30773764412939153	0.2801958129262342	0.30773764412939153	0.29027403426670284	0.2731545668227686	0.32032765459644164	0.34525307337277605
G000026745	0.29718727553283053	0.2117204608762137	0.32389069425461553	0.3106659991430135	0.30773764412939153	0.29718727553283053	0.0	0.26247455270352615	0.27836008247293903	0.2305572069254928	0.34040718308838414	0.34040718308838414	0.3106659991430135	0.218672529555001	0.32389069425461553	0.331643501310515	0.34525307337277605	0.36226032139107867	0.36226032139107867	0.3276549144508834	0.3504702783083232	0.34525307337277605	0.34525307337277605	0.33588342363246515	0.34525307337277605	0.34525307337277605	0.34525307337277605	0.3504702783083232	0.22357679863476257	0.2444194986283164	0.331643501310515	0.3106659991430135	0.28403705611170943	0.3561146051231944	0.34525307337277605	0.30773764412939153	0.29479823755555046	0.26682794331323434	0.28604781058084794	0.3169477686964359	0.23394828759700556	0.3276549144508834	0.33588342363246515	0.3049347968005296	0.24237348254622648	0.27836008247293903	0.24237348254622648	0.34040718308838414	0.18089536117269608	0.1948582451298305	0.059808780652188434	0.30773764412939153	0.2357194255859042	0.32389069425461553	0.3022471188556466	0.28812564029324994	0.2996674483382237	0.24873173960440456	0.28604781058084794	0.30773764412939153	0.33588342363246515
G000027165	0.27836008247293903	0.2653421900839795	0.3169477686964359	0.32032765459644164	0.23848088447154453	0.22505759462756314	0.26247455270352615	0.0	0.22003101685243362	0.1599147175873962	0.32389069425461553	0.31373193148001866	0.29027403426670284	0.2924965377783548	0.2801958129262342	0.2996674483382237	0.3169477686964359	0.331643501310515	0.331643501310515	0.32032765459644164	0.34040718308838414	0.34040718308838414	0.34040718308838414	0.34040718308838414	0.34525307337277605	0.34040718308838414	0.33588342363246515	0.34040718308838414	0.2731545668227686	0.26991005616576047	0.30773764412939153	0.2820870274473271	0.128875755289996	0.33588342363246515	0.32032765459644164	0.3169477686964359	0.28604781058084794	0.28403705611170943	0.2924965377783548	0.31373193148001866	0.29479823755555046	0.30773764412939153	0.28812564029324994	0.3022471188556466	0.29479823755555046	0.26389207279748966	0.21800490608085682	0.3276549144508834	0.2731545668227686	0.28812564029324994	0.31373193148001866	0.2765765491958868	0.26389207279748966	0.3049347968005296	0.3106659991430135	0.2597337642165006	0.28604781058084794	0.2683495390574761	0.2683495390574761	0.3169477686964359	0.31373193148001866
G000164675	0.29479823755555046	0.2996674483382237	0.3276549144508834	0.29479823755555046	0.2558416733307445	0.22657648943489755	0.27836008247293903	0.22003101685243362	0.0	0.19945609124340086	0.3169477686964359	0.3276549144508834	0.2924965377783548	0.31373193148001866	0.29479823755555046	0.31373193148001866	0.3276549144508834	0.3504702783083232	0.3504702783083232	0.36899799538875855	0.34525307337277605	0.34040718308838414	0.34040718308838414	0.33588342363246515	0.34040718308838414	0.34040718308838414	0.34040718308838414	0.34525307337277605	0.26108945054196464	0.29027403426670284	0.3106659991430135	0.28604781058084794	0.21540830420900098	0.33588342363246515	0.3276549144508834	0.32032765459644164	0.27836008247293903	0.30773764412939153	0.2924965377783548	0.31373193148001866	0.33588342363246515	0.31373193148001866	0.2820870274473271	0.30773764412939153	0.29718727553283053	0.2801958129262342	0.24237348254622648	0.34525307337277605	0.3106659991430135	0.29479823755555046	0.3022471188556466	0.27836008247293903	0.27484196684537837	0.33588342363246515	0.29479823755555046	0.2093873845977167	0.29479823755555046	0.26682794331323434	0.26389207279748966	0.3022471188556466	0.34040718308838414
G000187465	0.27836008247293903	0.23308270492107322	0.3022471188556466	0.3169477686964359	0.24137670742214845	0.2305572069254928	0.2305572069254928	0.1599147175873962	0.19945609124340086	0.0	0.32389069425461553	0.31373193148001866	0.29718727553283053	0.24762491944345802	0.29027403426670284	0.2996674483382237	0.3106659991430135	0.32032765459644164	0.32032765459644164	0.34040718308838414	0.3169477686964359	0.3106659991430135	0.3106659991430135	0.3106659991430135	0.3106659991430135	0.30773764412939153	0.3169477686964359	0.3169477686964359	0.24762491944345802	0.23482717926450708	0.3049347968005296	0.27484196684537837	0.1709198596026057	0.32032765459644164	0.31373193148001866	0.32389069425461553	0.2996674483382237	0.28403705611170943	0.29718727553283053	0.32032765459644164	0.24039503369398013	0.30773764412939153	0.2820870274473271	0.3504702783083232	0.3049347968005296	0.28604781058084794	0.19398219792066304	0.331643501310515	0.2924965377783548	0.29718727553283053	0.32032765459644164	0.25711143327125874	0.2305572069254928	0.32389069425461553	0.3022471188556466	0.22813642001706028	0.31373193148001866	0.27484196684537837	0.24546887929073957	0.32032765459644164	0.32032765459644164
G000187975	0.3106659991430135	0.32389069425461553	0.2820870274473271	0.331643501310515	0.32032765459644164	0.3022471188556466	0.34040718308838414	0.32389069425461553	0.3169477686964359	0.32389069425461553	0.0	0.30773764412939153	0.32389069425461553	0.331643501310515	0.3276549144508834	0.33588342363246515	0.22735198685539015	0.22893253004811306	0.22893253004811306	0.22357679863476257	0.29718727553283053	0.29718727553283053	0.29718727553283053	0.29718727553283053	0.29479823755555046	0.29718727553283053	0.2996674483382237	0.29718727553283053	0.30773764412939153	0.30773764412939153	0.2653421900839795	0.3276549144508834	0.3276549144508834	0.2924965377783548	0.2765765491958868	0.29718727553283053	0.31373193148001866	0.32389069425461553	0.30773764412939153	0.32389069425461553	0.34040718308838414	0.3276549144508834	0.33588342363246515	0.33588342363246515	0.29718727553283053	0.33588342363246515	0.3169477686964359	0.24986112559927015	0.3504702783083232	0.331643501310515	0.3561146051231944	0.33588342363246515	0.32389069425461553	0.21734455709591402	0.3106659991430135	0.30773764412939153	0.32032765459644164	0.3276549144508834	0.3169477686964359	0.3106659991430135	0.34040718308838414
G000187995	0.30773764412939153	0.28812564029324994	0.22142421109400806	0.29479823755555046	0.32389069425461553	0.32389069425461553	0.34040718308838414	0.31373193148001866	0.3276549144508834	0.31373193148001866	0.30773764412939153	0.0	0.29718727553283053	0.32032765459644164	0.29479823755555046	0.31373193148001866	0.32389069425461553	0.34525307337277605	0.34525307337277605	0.34525307337277605	0.22505759462756314	0.2357194255859042	0.2357194255859042	0.22431278529329657	0.22735198685539015	0.2357194255859042	0.24237348254622648	0.22431278529329657	0.31373193148001866	0.29718727553283053	0.25218239713973195	0.3169477686964359	0.32389069425461553	0.2055224332253041	0.25711143327125874	0.27836008247293903	0.3169477686964359	0.32389069425461553	0.29027403426670284	0.3106659991430135	0.36899799538875855	0.32032765459644164	0.34040718308838414	0.33588342363246515	0.2715111677956824	0.32389069425461553	0.32032765459644164	0.2765765491958868	0.3276549144508834	0.32389069425461553	0.36899799538875855	0.29718727553283053	0.3169477686964359	0.32032765459644164	0.30773764412939153	0.3049347968005296	0.3169477686964359	0.28812564029324994	0.3022471188556466	0.32389069425461553	0.34525307337277605
G000188015	0.20042346693072297	0.26247455270352615	0.30773764412939153	0.2597337642165006	0.30773764412939153	0.30773764412939153	0.3106659991430135	0.29027403426670284	0.2924965377783548	0.29718727553283053	0.32389069425461553	0.29718727553283053	0.0	0.2597337642165006	0.2731545668227686	0.24237348254622648	0.32032765459644164	0.331643501310515	0.331643501310515	0.32032765459644164	0.33588342363246515	0.3276549144508834	0.3276549144508834	0.3276549144508834	0.3276549144508834	0.32389069425461553	0.3276549144508834	0.33588342363246515	0.29027403426670284	0.28604781058084794	0.29718727553283053	0.2093873845977167	0.28604781058084794	0.331643501310515	0.3049347968005296	0.3106659991430135	0.2801958129262342	0.30773764412939153	0.27484196684537837	0.25337727496771145	0.34525307337277605	0.29479823755555046	0.331643501310515	0.32389069425461553	0.29027403426670284	0.2924965377783548	0.3022471188556466	0.34040718308838414	0.31373193148001866	0.2996674483382237	0.34525307337277605	0.30773764412939153	0.3106659991430135	0.3106659991430135	0.22142421109400806	0.28604781058084794	0.2305572069254928	0.28812564029324994	0.2820870274473271	0.2820870274473271	0.21292293296994425
G000188035	0.24546887929073957	0.185912811277528	0.31373193148001866	0.23482717926450708	0.32032765459644164	0.3049347968005296	0.218672529555001	0.2924965377783548	0.31373193148001866	0.24762491944345802	0.331643501310515	0.32032765459644164	0.2597337642165006	0.0	0.28403705611170943	0.25218239713973195	0.34525307337277605	0.36226032139107867	0.36226032139107867	0.3561146051231944	0.34040718308838414	0.331643501310515	0.331643501310515	0.3276549144508834	0.32389069425461553	0.33588342363246515	0.331643501310515	0.34040718308838414	0.25711143327125874	0.24546887929073957	0.3049347968005296	0.2357194255859042	0.23662644399026972	0.32389069425461553	0.31373193148001866	0.3169477686964359	0.3022471188556466	0.29718727553283053	0.2683495390574761	0.23942977993725656	0.25711143327125874	0.3049347968005296	0.28812564029324994	0.31373193148001866	0.2683495390574761	0.3169477686964359	0.25101038204265297	0.34525307337277605	0.24546887929073957	0.26389207279748966	0.2653421900839795	0.26389207279748966	0.21669146392187277	0.331643501310515	0.2558416733307445	0.28812564029324994	0.2357194255859042	0.3022471188556466	0.28812564029324994	0.28403705611170943	0.2765765491958868
G000188055	0.2433868009929111	0.20996269672723128	0.29718727553283053	0.26991005616576047	0.30773764412939153	0.29027403426670284	0.32389069425461553	0.2801958129262342	0.29479823755555046	0.29027403426670284	0.3276549144508834	0.29479823755555046	0.2731545668227686	0.28403705611170943	0.0	0.26389207279748966	0.33588342363246515	0.3504702783083232	0.3504702783083232	0.3504702783083232	0.3169477686964359	0.30773764412939153	0.30773764412939153	0.3106659991430135	0.30773764412939153	0.3106659991430135	0.31373193148001866	0.3169477686964359	0.28604781058084794	0.2731545668227686	0.3049347968005296	0.25218239713973195	0.29718727553283053	0.3106659991430135	0.31373193148001866	0.3276549144508834	0.24873173960440456	0.3169477686964359	0.2801958129262342	0.26991005616576047	0.33588342363246515	0.2996674483382237	0.34040718308838414	0.32389069425461553	0.28403705611170943	0.30773764412939153	0.31373193148001866	0.32032765459644164	0.2996674483382237	0.2996674483382237	0.34040718308838414	0.29027403426670284	0.29718727553283053	0.331643501310515	0.28812564029324994	0.27484196684537837	0.2597337642165006	0.3022471188556466	0.28403705611170943	0.3022471188556466	0.28403705611170943
G000213825	0.2597337642165006	0.28604781058084794	0.3169477686964359	0.23942977993725656	0.32389069425461553	0.3276549144508834	0.331643501310515	0.2996674483382237	0.31373193148001866	0.2996674483382237	0.33588342363246515	0.31373193148001866	0.24237348254622648	0.25218239713973195	0.26389207279748966	0.0	0.3504702783083232	0.36899799538875855	0.36899799538875855	0.36899799538875855	0.331643501310515	0.32032765459644164	0.32032765459644164	0.32389069425461553	0.32389069425461553	0.32389069425461553	0.32389069425461553	0.331643501310515	0.30773764412939153	0.28812564029324994	0.3169477686964359	0.25101038204265297	0.30773764412939153	0.331643501310515	0.3276549144508834	0.31373193148001866	0.27484196684537837	0.3169477686964359	0.28403705611170943	0.26247455270352615	0.34040718308838414	0.3022471188556466	0.34525307337277605	0.33588342363246515	0.29479823755555046	0.3106659991430135	0.3106659991430135	0.33588342363246515	0.31373193148001866	0.3169477686964359	0.36226032139107867	0.32032765459644164	0.31373193148001866	0.34040718308838414	0.2545965262129878	0.3049347968005296	0.22813642001706028	0.3022471188556466	0.3049347968005296	0.2820870274473271	0.2801958129262342
G000228185	0.32032765459644164	0.3276549144508834	0.29027403426670284	0.34525307337277605	0.32032765459644164	0.32389069425461553	0.34525307337277605	0.3169477686964359	0.3276549144508834	0.3106659991430135	0.22735198685539015	0.32389069425461553	0.32032765459644164	0.34525307337277605	0.33588342363246515	0.3504702783083232	0.0	0.0031821712717957514	0.0031821712717957514	0.09461245559249165	0.3049347968005296	0.3022471188556466	0.3022471188556466	0.3049347968005296	0.3022471188556466	0.2996674483382237	0.3022471188556466	0.3049347968005296	0.34040718308838414	0.31373193148001866	0.31373193148001866	0.34040718308838414	0.33588342363246515	0.28604781058084794	0.32032765459644164	0.3049347968005296	0.32389069425461553	0.32032765459644164	0.30773764412939153	0.33588342363246515	0.36899799538875855	0.34040718308838414	0.3276549144508834	0.331643501310515	0.3276549144508834	0.34040718308838414	0.331643501310515	0.29718727553283053	0.3276549144508834	0.32032765459644164	0.3504702783083232	0.331643501310515	0.32389069425461553	0.09467201670089659	0.32032765459644164	0.3276549144508834	0.3504702783083232	0.32389069425461553	0.331643501310515	0.34040718308838414	0.33588342363246515
G000228205	0.331643501310515	0.34040718308838414	0.3022471188556466	0.3764506193583299	0.33588342363246515	0.34040718308838414	0.36226032139107867	0.331643501310515	0.3504702783083232	0.32032765459644164	0.22893253004811306	0.34525307337277605	0.331643501310515	0.36226032139107867	0.3504702783083232	0.36899799538875855	0.0031821712717957514	0.0	0.0	0.09372935085025144	0.3106659991430135	0.30773764412939153	0.30773764412939153	0.3106659991430135	0.30773764412939153	0.3049347968005296	0.30773764412939153	0.3106659991430135	0.36226032139107867	0.32389069425461553	0.3276549144508834	0.3561146051231944	0.3561146051231944	0.2924965377783548	0.3276549144508834	0.3169477686964359	0.34040718308838414	0.33588342363246515	0.32032765459644164	0.36226032139107867	0.3764506193583299	0.3504702783083232	0.331643501310515	0.3504702783083232	0.34040718308838414	0.36226032139107867	0.3504702783083232	0.3106659991430135	0.331643501310515	0.331643501310515	0.36899799538875855	0.3561146051231944	0.34525307337277605	0.09408047275421882	0.3276549144508834	0.34040718308838414	0.36899799538875855	0.33588342363246515	0.34525307337277605	0.36226032139107867	0.34040718308838414
G000228385	0.331643501310515	0.34040718308838414	0.3022471188556466	0.3764506193583299	0.33588342363246515	0.34040718308838414	0.36226032139107867	0.331643501310515	0.3504702783083232	0.32032765459644164	0.22893253004811306	0.34525307337277605	0.331643501310515	0.36226032139107867	0.3504702783083232	0.36899799538875855	0.0031821712717957514	0.0	0.0	0.09372935085025144	0.3106659991430135	0.30773764412939153	0.30773764412939153	0.3106659991430135	0.30773764412939153	0.3049347968005296	0.30773764412939153	0.3106659991430135	0.36226032139107867	0.32389069425461553	0.3276549144508834	0.3561146051231944	0.3561146051231944	0.2924965377783548	0.3276549144508834	0.3169477686964359	0.34040718308838414	0.33588342363246515	0.32032765459644164	0.36226032139107867	0.3764506193583299	0.3504702783083232	0.331643501310515	0.3504702783083232	0.34040718308838414	0.36226032139107867	0.3504702783083232	0.3106659991430135	0.331643501310515	0.331643501310515	0.36899799538875855	0.3561146051231944	0.34525307337277605	0.09408047275421882	0.3276549144508834	0.34040718308838414	0.36899799538875855	0.33588342363246515	0.34525307337277605	0.36226032139107867	0.34040718308838414
G000228505	0.3276549144508834	0.3561146051231944	0.32032765459644164	0.3504702783083232	0.34525307337277605	0.3504702783083232	0.3276549144508834	0.32032765459644164	0.36899799538875855	0.34040718308838414	0.22357679863476257	0.34525307337277605	0.32032765459644164	0.3561146051231944	0.3504702783083232	0.36899799538875855	0.09461245559249165	0.09372935085025144	0.09372935085025144	0.0	0.331643501310515	0.331643501310515	0.331643501310515	0.33588342363246515	0.3276549144508834	0.3276549144508834	0.331643501310515	0.331643501310515	0.3169477686964359	0.32032765459644164	0.3561146051231944	0.34525307337277605	0.331643501310515	0.32389069425461553	0.3504702783083232	0.32389069425461553	0.33588342363246515	0.34040718308838414	0.3049347968005296	0.34525307337277605	0.36899799538875855	0.3504702783083232	0.331643501310515	0.33588342363246515	0.34525307337277605	0.3504702783083232	0.3276549144508834	0.3169477686964359	0.34525307337277605	0.33588342363246515	0.331643501310515	0.331643501310515	0.34525307337277605	0.008051796698131513	0.34040718308838414	0.32032765459644164	0.34525307337277605	0.34040718308838414	0.3106659991430135	0.3561146051231944	0.34525307337277605
G000228805	0.3169477686964359	0.3169477686964359	0.00860265906578237	0.3276549144508834	0.3561146051231944	0.3504702783083232	0.3504702783083232	0.34040718308838414	0.34525307337277605	0.3169477686964359	0.29718727553283053	0.22505759462756314	0.33588342363246515	0.34040718308838414	0.3169477686964359	0.331643501310515	0.3049347968005296	0.3106659991430135	0.3106659991430135	0.331643501310515	0.0	0.00816987678908548	0.00816605539755573	0.007165349411672907	0.007991131322032621	0.007877919930419145	0.008127893097913858	0.0005920235998259731	0.3106659991430135	0.3106659991430135	0.22213253749827977	0.32032765459644164	0.3276549144508834	0.010739627350405873	0.22357679863476257	0.2924965377783548	0.3169477686964359	0.3276549144508834	0.2820870274473271	0.3276549144508834	0.36899799538875855	0.33588342363246515	0.33588342363246515	0.39419729906880585	0.29718727553283053	0.3561146051231944	0.3561146051231944	0.25218239713973195	0.331643501310515	0.3276549144508834	0.3561146051231944	0.2444194986283164	0.34525307337277605	0.32389069425461553	0.34040718308838414	0.32032765459644164	0.32389069425461553	0.33588342363246515	0.3106659991430135	0.33588342363246515	0.3504702783083232
G000228845	0.31373193148001866	0.30773764412939153	0.009658677241101567	0.331643501310515	0.3504702783083232	0.34525307337277605	0.34525307337277605	0.34040718308838414	0.34040718308838414	0.3106659991430135	0.29718727553283053	0.2357194255859042	0.3276549144508834	0.331643501310515	0.30773764412939153	0.32032765459644164	0.3022471188556466	0.30773764412939153	0.30773764412939153	0.331643501310515	0.00816987678908548	0.0	0.0002109456626006494	0.008501320095874149	0.00848965874938613	0.005716631334142909	0.008587030993588539	0.008082191876493365	0.30773764412939153	0.31373193148001866	0.21934744644115023	0.32032765459644164	0.3276549144508834	0.011095469730105023	0.22003101685243362	0.28812564029324994	0.31373193148001866	0.32389069425461553	0.2820870274473271	0.3169477686964359	0.36899799538875855	0.331643501310515	0.33588342363246515	0.3764506193583299	0.29027403426670284	0.3504702783083232	0.3504702783083232	0.24873173960440456	0.3276549144508834	0.331643501310515	0.3561146051231944	0.24039503369398013	0.331643501310515	0.32389069425461553	0.33588342363246515	0.31373193148001866	0.3169477686964359	0.3276549144508834	0.3049347968005296	0.33588342363246515	0.34525307337277605
G000228925	0.31373193148001866	0.30773764412939153	0.00964217627949698	0.331643501310515	0.3504702783083232	0.34525307337277605	0.34525307337277605	0.34040718308838414	0.34040718308838414	0.3106659991430135	0.29718727553283053	0.2357194255859042	0.3276549144508834	0.331643501310515	0.30773764412939153	0.32032765459644164	0.3022471188556466	0.30773764412939153	0.30773764412939153	0.331643501310515	0.00816605539755573	0.0002109456626006494	0.0	0.008524663561433183	0.00848965874938613	0.005716631334142909	0.008594850046607903	0.008082191876493365	0.30773764412939153	0.3106659991430135	0.21934744644115023	0.32032765459644164	0.3276549144508834	0.011108765089456624	0.22003101685243362	0.28812564029324994	0.31373193148001866	0.32389069425461553	0.2820870274473271	0.31373193148001866	0.36899799538875855	0.331643501310515	0.33588342363246515	0.3764506193583299	0.29027403426670284	0.3504702783083232	0.3504702783083232	0.24873173960440456	0.3276549144508834	0.331643501310515	0.3561146051231944	0.24039503369398013	0.331643501310515	0.32389069425461553	0.33588342363246515	0.31373193148001866	0.31373193148001866	0.32389069425461553	0.3049347968005296	0.331643501310515	0.34525307337277605
G000229145	0.31373193148001866	0.3049347968005296	0.006700249973565685	0.32389069425461553	0.3561146051231944	0.3561146051231944	0.33588342363246515	0.34040718308838414	0.33588342363246515	0.3106659991430135	0.29718727553283053	0.22431278529329657	0.3276549144508834	0.3276549144508834	0.3106659991430135	0.32389069425461553	0.3049347968005296	0.3106659991430135	0.3106659991430135	0.33588342363246515	0.007165349411672907	0.008501320095874149	0.008524663561433183	0.0	0.007424356422508785	0.008029023864880566	0.0071002532556852	0.0071544861988391585	0.30773764412939153	0.30773764412939153	0.218672529555001	0.3169477686964359	0.3276549144508834	0.01028317470242993	0.2207232639139157	0.28604781058084794	0.32389069425461553	0.32389069425461553	0.28604781058084794	0.32032765459644164	0.36226032139107867	0.331643501310515	0.331643501310515	0.39419729906880585	0.29027403426670284	0.34525307337277605	0.34040718308838414	0.25101038204265297	0.3276549144508834	0.3276549144508834	0.34525307337277605	0.24039503369398013	0.33588342363246515	0.32389069425461553	0.33588342363246515	0.3169477686964359	0.3169477686964359	0.3276549144508834	0.3049347968005296	0.33588342363246515	0.34525307337277605
G000229225	0.31373193148001866	0.30773764412939153	0.008704537800443033	0.3276549144508834	0.3561146051231944	0.34525307337277605	0.34525307337277605	0.34525307337277605	0.34040718308838414	0.3106659991430135	0.29479823755555046	0.22735198685539015	0.3276549144508834	0.32389069425461553	0.30773764412939153	0.32389069425461553	0.3022471188556466	0.30773764412939153	0.30773764412939153	0.3276549144508834	0.007991131322032621	0.00848965874938613	0.00848965874938613	0.007424356422508785	0.0	0.008439222732512958	0.008254114099791763	0.007945771947822977	0.3106659991430135	0.3106659991430135	0.218672529555001	0.3169477686964359	0.3276549144508834	0.0036877816471305924	0.2207232639139157	0.28604781058084794	0.31373193148001866	0.32389069425461553	0.28604781058084794	0.32389069425461553	0.3764506193583299	0.33588342363246515	0.34040718308838414	0.3847777168863248	0.2924965377783548	0.34525307337277605	0.34525307337277605	0.25218239713973195	0.331643501310515	0.331643501310515	0.3504702783083232	0.2433868009929111	0.34525307337277605	0.32389069425461553	0.33588342363246515	0.31373193148001866	0.3169477686964359	0.3276549144508834	0.3106659991430135	0.33588342363246515	0.34525307337277605
G000229545	0.31373193148001866	0.3106659991430135	0.009137568063197593	0.32389069425461553	0.3504702783083232	0.34040718308838414	0.34525307337277605	0.34040718308838414	0.34040718308838414	0.30773764412939153	0.29718727553283053	0.2357194255859042	0.32389069425461553	0.33588342363246515	0.3106659991430135	0.32389069425461553	0.2996674483382237	0.3049347968005296	0.3049347968005296	0.3276549144508834	0.007877919930419145	0.005716631334142909	0.005716631334142909	0.008029023864880566	0.008439222732512958	0.0	0.008265630233004875	0.007791572613032026	0.30773764412939153	0.31373193148001866	0.21477686769367976	0.3169477686964359	0.3276549144508834	0.011095469730105023	0.21540830420900098	0.28403705611170943	0.31373193148001866	0.32032765459644164	0.29027403426670284	0.32032765459644164	0.36899799538875855	0.331643501310515	0.34040718308838414	0.3847777168863248	0.29479823755555046	0.3504702783083232	0.34525307337277605	0.25218239713973195	0.32389069425461553	0.331643501310515	0.3504702783083232	0.24039503369398013	0.33588342363246515	0.32032765459644164	0.33588342363246515	0.31373193148001866	0.32032765459644164	0.331643501310515	0.30773764412939153	0.33588342363246515	0.34525307337277605
G000229705	0.32032765459644164	0.30773764412939153	0.006534927677146279	0.32389069425461553	0.3561146051231944	0.3561146051231944	0.34525307337277605	0.33588342363246515	0.34040718308838414	0.3169477686964359	0.2996674483382237	0.24237348254622648	0.3276549144508834	0.331643501310515	0.31373193148001866	0.32389069425461553	0.3022471188556466	0.30773764412939153	0.30773764412939153	0.331643501310515	0.008127893097913858	0.008587030993588539	0.008594850046607903	0.0071002532556852	0.008254114099791763	0.008265630233004875	0.0	0.008010072300462492	0.3106659991430135	0.30773764412939153	0.21477686769367976	0.32389069425461553	0.3276549144508834	0.01094974368378816	0.21734455709591402	0.2924965377783548	0.3169477686964359	0.331643501310515	0.28812564029324994	0.331643501310515	0.3561146051231944	0.331643501310515	0.331643501310515	0.40502263323733745	0.29479823755555046	0.3504702783083232	0.34525307337277605	0.2545965262129878	0.331643501310515	0.3276549144508834	0.3561146051231944	0.24137670742214845	0.3504702783083232	0.32389069425461553	0.33588342363246515	0.32032765459644164	0.32032765459644164	0.33588342363246515	0.30773764412939153	0.33588342363246515	0.3504702783083232
G000230225	0.3169477686964359	0.3169477686964359	0.008501320095874149	0.3276549144508834	0.3561146051231944	0.3504702783083232	0.3504702783083232	0.34040718308838414	0.34525307337277605	0.3169477686964359	0.29718727553283053	0.22431278529329657	0.33588342363246515	0.34040718308838414	0.3169477686964359	0.331643501310515	0.3049347968005296	0.3106659991430135	0.3106659991430135	0.331643501310515	0.0005920235998259731	0.008082191876493365	0.008082191876493365	0.0071544861988391585	0.007945771947822977	0.007791572613032026	0.008010072300462492	0.0	0.3106659991430135	0.30773764412939153	0.22213253749827977	0.32032765459644164	0.3276549144508834	0.010687386410164104	0.22357679863476257	0.2924965377783548	0.3169477686964359	0.3276549144508834	0.2820870274473271	0.3276549144508834	0.36899799538875855	0.331643501310515	0.33588342363246515	0.39419729906880585	0.29718727553283053	0.3561146051231944	0.3504702783083232	0.25218239713973195	0.331643501310515	0.3276549144508834	0.3561146051231944	0.24237348254622648	0.34525307337277605	0.32389069425461553	0.33588342363246515	0.32032765459644164	0.32389069425461553	0.33588342363246515	0.3106659991430135	0.33588342363246515	0.3504702783083232
G000253395	0.28604781058084794	0.2597337642165006	0.29718727553283053	0.2924965377783548	0.29479823755555046	0.2765765491958868	0.22357679863476257	0.2731545668227686	0.26108945054196464	0.24762491944345802	0.30773764412939153	0.31373193148001866	0.29027403426670284	0.25711143327125874	0.28604781058084794	0.30773764412939153	0.34040718308838414	0.36226032139107867	0.36226032139107867	0.3169477686964359	0.3106659991430135	0.30773764412939153	0.30773764412939153	0.30773764412939153	0.3106659991430135	0.30773764412939153	0.3106659991430135	0.3106659991430135	0.0	0.25840875040513483	0.31373193148001866	0.28403705611170943	0.2653421900839795	0.3106659991430135	0.32389069425461553	0.29479823755555046	0.26389207279748966	0.2996674483382237	0.25101038204265297	0.29718727553283053	0.34525307337277605	0.3022471188556466	0.32389069425461553	0.34040718308838414	0.26247455270352615	0.3106659991430135	0.2765765491958868	0.31373193148001866	0.2444194986283164	0.2558416733307445	0.25101038204265297	0.29479823755555046	0.2924965377783548	0.3049347968005296	0.2820870274473271	0.10694888122030612	0.29027403426670284	0.29718727553283053	0.012361717292227016	0.32032765459644164	0.331643501310515
G000270145	0.27836008247293903	0.23662644399026972	0.29027403426670284	0.2924965377783548	0.3022471188556466	0.29479823755555046	0.2444194986283164	0.26991005616576047	0.29027403426670284	0.23482717926450708	0.30773764412939153	0.29718727553283053	0.28604781058084794	0.24546887929073957	0.2731545668227686	0.28812564029324994	0.31373193148001866	0.32389069425461553	0.32389069425461553	0.32032765459644164	0.3106659991430135	0.31373193148001866	0.3106659991430135	0.30773764412939153	0.3106659991430135	0.31373193148001866	0.30773764412939153	0.30773764412939153	0.25840875040513483	0.0	0.27484196684537837	0.29027403426670284	0.2820870274473271	0.2996674483382237	0.2820870274473271	0.2820870274473271	0.26389207279748966	0.3169477686964359	0.20714721551151838	0.2996674483382237	0.26247455270352615	0.2924965377783548	0.33588342363246515	0.31373193148001866	0.20140648046064907	0.3106659991430135	0.25101038204265297	0.30773764412939153	0.3106659991430135	0.31373193148001866	0.32389069425461553	0.27484196684537837	0.22357679863476257	0.2996674483382237	0.27484196684537837	0.25711143327125874	0.2820870274473271	0.29479823755555046	0.25218239713973195	0.29718727553283053	0.30773764412939153
G000286075	0.3106659991430135	0.3106659991430135	0.21112789771156504	0.31373193148001866	0.31373193148001866	0.3276549144508834	0.331643501310515	0.30773764412939153	0.3106659991430135	0.3049347968005296	0.2653421900839795	0.25218239713973195	0.29718727553283053	0.3049347968005296	0.3049347968005296	0.3169477686964359	0.31373193148001866	0.3276549144508834	0.3276549144508834	0.3561146051231944	0.22213253749827977	0.21934744644115023	0.21934744644115023	0.218672529555001	0.218672529555001	0.21477686769367976	0.21477686769367976	0.22213253749827977	0.31373193148001866	0.27484196684537837	0.0	0.30773764412939153	0.3022471188556466	0.22003101685243362	0.0004885140627891902	0.21353419835850074	0.2996674483382237	0.32032765459644164	0.22505759462756314	0.32389069425461553	0.331643501310515	0.32032765459644164	0.3504702783083232	0.31373193148001866	0.2357194255859042	0.3169477686964359	0.3106659991430135	0.13804910740381976	0.3169477686964359	0.31373193148001866	0.3504702783083232	0.3276549144508834	0.3022471188556466	0.32389069425461553	0.3106659991430135	0.29718727553283053	0.3049347968005296	0.30773764412939153	0.3022471188556466	0.3169477686964359	0.32389069425461553
G000317855	0.07933122892749159	0.21353419835850074	0.3022471188556466	0.24986112559927015	0.29479823755555046	0.30773764412939153	0.3106659991430135	0.2820870274473271	0.28604781058084794	0.27484196684537837	0.3276549144508834	0.3169477686964359	0.2093873845977167	0.2357194255859042	0.25218239713973195	0.25101038204265297	0.34040718308838414	0.3561146051231944	0.3561146051231944	0.34525307337277605	0.32032765459644164	0.32032765459644164	0.32032765459644164	0.3169477686964359	0.3169477686964359	0.3169477686964359	0.32389069425461553	0.32032765459644164	0.28403705611170943	0.29027403426670284	0.30773764412939153	0.0	0.27836008247293903	0.3169477686964359	0.31373193148001866	0.2996674483382237	0.2765765491958868	0.30773764412939153	0.25337727496771145	0.22431278529329657	0.2996674483382237	0.29479823755555046	0.32389069425461553	0.30773764412939153	0.22657648943489755	0.28403705611170943	0.30773764412939153	0.32389069425461553	0.29479823755555046	0.27484196684537837	0.2683495390574761	0.2801958129262342	0.2996674483382237	0.331643501310515	0.22657648943489755	0.2820870274473271	0.2305572069254928	0.2765765491958868	0.28403705611170943	0.2715111677956824	0.09712185990503214
G000344275	0.2820870274473271	0.29027403426670284	0.30773764412939153	0.32032765459644164	0.24237348254622648	0.21054242275835122	0.28403705611170943	0.128875755289996	0.21540830420900098	0.1709198596026057	0.3276549144508834	0.32389069425461553	0.28604781058084794	0.23662644399026972	0.29718727553283053	0.30773764412939153	0.33588342363246515	0.3561146051231944	0.3561146051231944	0.331643501310515	0.3276549144508834	0.3276549144508834	0.3276549144508834	0.3276549144508834	0.3276549144508834	0.3276549144508834	0.3276549144508834	0.3276549144508834	0.2653421900839795	0.2820870274473271	0.3022471188556466	0.27836008247293903	0.0	0.32389069425461553	0.31373193148001866	0.30773764412939153	0.27484196684537837	0.29027403426670284	0.2820870274473271	0.3049347968005296	0.331643501310515	0.30773764412939153	0.25337727496771145	0.32032765459644164	0.28812564029324994	0.2731545668227686	0.22893253004811306	0.34040718308838414	0.3022471188556466	0.29479823755555046	0.3049347968005296	0.25337727496771145	0.20091219825034257	0.3106659991430135	0.30773764412939153	0.2683495390574761	0.3049347968005296	0.27484196684537837	0.2715111677956824	0.30773764412939153	0.32389069425461553
