61
G000007865	0.0	0.24986112559927015	0.23942977993725656	0.2444194986283164	0.29479823755555046	0.20996269672723128	0.15200341026265776	0.24986112559927015	0.22357679863476257	0.29718727553283053	0.22813642001706028	0.1301403006306644	0.24653640027767587	0.24873173960440456	0.24653640027767587	0.22735198685539015	0.21054242275835122	0.25218239713973195	0.12412192898698514	0.2558416733307445	0.25711143327125874	0.22813642001706028	0.25840875040513483	0.22284960942422377	0.26389207279748966	0.24873173960440456	0.17354309992671846	0.23482717926450708	0.25711143327125874	0.2357194255859042	0.2117204608762137	0.28604781058084794	0.1732457158941927	0.23754691420859134	0.19945609124340086	0.24546887929073957	0.2433868009929111	0.2357194255859042	0.30773764412939153	0.23222902345297736	0.24137670742214845	0.16787909470400164	0.23394828759700556	0.2258126035470329	0.25337727496771145	0.24986112559927015	0.24546887929073957	0.2558416733307445	0.21800490608085682	0.26108945054196464	0.25337727496771145	0.22657648943489755	0.2433868009929111	0.23942977993725656	0.2545965262129878	0.22213253749827977	0.1961989182718191	0.2996674483382237	0.23308270492107322	0.23308270492107322	0.22357679863476257
G000015005	0.24986112559927015	0.0	0.22142421109400806	0.22142421109400806	0.28812564029324994	0.29479823755555046	0.25337727496771145	0.2207232639139157	0.29027403426670284	0.3561146051231944	0.26247455270352615	0.24653640027767587	0.23482717926450708	0.2444194986283164	0.2357194255859042	0.2597337642165006	0.28403705611170943	0.23942977993725656	0.2597337642165006	0.23138720372649813	0.24986112559927015	0.2820870274473271	0.2258126035470329	0.22213253749827977	0.24873173960440456	0.19803666198016007	0.2558416733307445	0.24762491944345802	0.19574829894890117	0.22505759462756314	0.2801958129262342	0.24137670742214845	0.26389207279748966	0.2820870274473271	0.24986112559927015	0.2088191186537985	0.26108945054196464	0.2715111677956824	0.3764506193583299	0.2305572069254928	0.25711143327125874	0.2653421900839795	0.2558416733307445	0.2160456081230803	0.22735198685539015	0.22973899487760674	0.23482717926450708	0.20091219825034257	0.26991005616576047	0.23942977993725656	0.22505759462756314	0.2357194255859042	0.23754691420859134	0.23848088447154453	0.2117204608762137	0.19441879768891127	0.2683495390574761	0.2801958129262342	0.22213253749827977	0.25840875040513483	0.28604781058084794
G000015305	0.23942977993725656	0.22142421109400806	0.0	0.1729497090851328	0.2924965377783548	0.2924965377783548	0.24137670742214845	0.15854711721043174	0.30773764412939153	0.40502263323733745	0.26389207279748966	0.24873173960440456	0.20769970560970222	0.23482717926450708	0.24237348254622648	0.2597337642165006	0.2996674483382237	0.19227193300712356	0.2597337642165006	0.23942977993725656	0.23138720372649813	0.32032765459644164	0.26108945054196464	0.2258126035470329	0.18089536117269608	0.22813642001706028	0.2683495390574761	0.21540830420900098	0.23308270492107322	0.21800490608085682	0.2715111677956824	0.25218239713973195	0.2545965262129878	0.2820870274473271	0.25337727496771145	0.2305572069254928	0.2683495390574761	0.2653421900839795	0.3764506193583299	0.2160456081230803	0.2357194255859042	0.25337727496771145	0.26682794331323434	0.16814933116382516	0.19945609124340086	0.18628832938500356	0.2433868009929111	0.22357679863476257	0.25218239713973195	0.23394828759700556	0.22284960942422377	0.23308270492107322	0.22003101685243362	0.22657648943489755	0.23848088447154453	0.19757192350759648	0.27836008247293903	0.3022471188556466	0.15570244714936787	0.2653421900839795	0.30773764412939153
G000015405	0.2444194986283164	0.22142421109400806	0.1729497090851328	0.0	0.24986112559927015	0.27484196684537837	0.21669146392187277	0.16951701904878985	0.32389069425461553	0.3561146051231944	0.25840875040513483	0.26108945054196464	0.21669146392187277	0.24039503369398013	0.22813642001706028	0.21800490608085682	0.3169477686964359	0.19897873811118794	0.24986112559927015	0.23754691420859134	0.23308270492107322	0.29718727553283053	0.24653640027767587	0.22284960942422377	0.1966524080780005	0.22284960942422377	0.25337727496771145	0.21734455709591402	0.23848088447154453	0.21353419835850074	0.27484196684537837	0.22973899487760674	0.2597337642165006	0.29027403426670284	0.24546887929073957	0.23308270492107322	0.2683495390574761	0.2558416733307445	0.36899799538875855	0.21477686769367976	0.23662644399026972	0.25101038204265297	0.2545965262129878	0.1700738259125545	0.19803666198016007	0.22505759462756314	0.24039503369398013	0.23308270492107322	0.2258126035470329	0.23308270492107322	0.2258126035470329	0.22505759462756314	0.21353419835850074	0.1966524080780005	0.20714721551151838	0.20140648046064907	0.27484196684537837	0.3022471188556466	0.20190501540567318	0.2597337642165006	0.3022471188556466
G000069185	0.29479823755555046	0.28812564029324994	0.2924965377783548	0.24986112559927015	0.0	0.36226032139107867	0.2558416733307445	0.29479823755555046	0.3169477686964359	0.36899799538875855	0.3561146051231944	0.28604781058084794	0.28403705611170943	0.3049347968005296	0.3106659991430135	0.25840875040513483	0.31373193148001866	0.26991005616576047	0.28403705611170943	0.32389069425461553	0.30773764412939153	0.33588342363246515	0.3049347968005296	0.29479823755555046	0.26108945054196464	0.28812564029324994	0.31373193148001866	0.29479823755555046	0.31373193148001866	0.26247455270352615	0.331643501310515	0.31373193148001866	0.31373193148001866	0.331643501310515	0.30773764412939153	0.3022471188556466	0.2996674483382237	0.3169477686964359	0.3764506193583299	0.32389069425461553	0.30773764412939153	0.32389069425461553	0.29027403426670284	0.28403705611170943	0.3049347968005296	0.3276549144508834	0.28812564029324994	0.28812564029324994	0.25218239713973195	0.31373193148001866	0.28403705611170943	0.28812564029324994	0.3106659991430135	0.25218239713973195	0.24873173960440456	0.27484196684537837	0.3169477686964359	0.16300655933356975	0.2924965377783548	0.2820870274473271	0.33588342363246515
G000157895	0.20996269672723128	0.29479823755555046	0.2924965377783548	0.27484196684537837	0.36226032139107867	0.0	0.17920956723323422	0.2924965377783548	0.21540830420900098	0.3169477686964359	0.2597337642165006	0.2258126035470329	0.3049347968005296	0.2996674483382237	0.28604781058084794	0.2801958129262342	0.26682794331323434	0.2996674483382237	0.23662644399026972	0.32032765459644164	0.3169477686964359	0.23754691420859134	0.3106659991430135	0.27484196684537837	0.30773764412939153	0.3022471188556466	0.22505759462756314	0.28812564029324994	0.31373193148001866	0.28604781058084794	0.2357194255859042	0.32032765459644164	0.23394828759700556	0.21415261469809568	0.24237348254622648	0.30773764412939153	0.23222902345297736	0.2924965377783548	0.32389069425461553	0.27836008247293903	0.3049347968005296	0.21800490608085682	0.2801958129262342	0.24137670742214845	0.29479823755555046	0.32032765459644164	0.29718727553283053	0.2924965377783548	0.20769970560970222	0.30773764412939153	0.30773764412939153	0.2765765491958868	0.3022471188556466	0.2820870274473271	0.2996674483382237	0.27836008247293903	0.23662644399026972	0.3561146051231944	0.28403705611170943	0.2801958129262342	0.2597337642165006
G000164135	0.15200341026265776	0.25337727496771145	0.24137670742214845	0.21669146392187277	0.2558416733307445	0.17920956723323422	0.0	0.24653640027767587	0.22813642001706028	0.3049347968005296	0.23308270492107322	0.1561296302882911	0.24237348254622648	0.2558416733307445	0.25840875040513483	0.22284960942422377	0.24986112559927015	0.22142421109400806	0.1622761668348268	0.24873173960440456	0.25711143327125874	0.22893253004811306	0.2820870274473271	0.24546887929073957	0.22735198685539015	0.24762491944345802	0.1833456188313577	0.24237348254622648	0.26247455270352615	0.22893253004811306	0.21353419835850074	0.2597337642165006	0.1795423574944602	0.22284960942422377	0.20605924898358907	0.25711143327125874	0.26108945054196464	0.2433868009929111	0.3169477686964359	0.23662644399026972	0.24653640027767587	0.09058260940326147	0.25218239713973195	0.22505759462756314	0.25711143327125874	0.25711143327125874	0.24137670742214845	0.2558416733307445	0.20042346693072297	0.26389207279748966	0.26247455270352615	0.23662644399026972	0.24653640027767587	0.2207232639139157	0.23754691420859134	0.23138720372649813	0.19227193300712356	0.3022471188556466	0.24039503369398013	0.22973899487760674	0.23482717926450708
G000184435	0.24986112559927015	0.2207232639139157	0.15854711721043174	0.16951701904878985	0.29479823755555046	0.2924965377783548	0.24653640027767587	0.0	0.3049347968005296	0.40502263323733745	0.2801958129262342	0.25218239713973195	0.21934744644115023	0.23942977993725656	0.23482717926450708	0.2558416733307445	0.29718727553283053	0.19897873811118794	0.24137670742214845	0.2305572069254928	0.23662644399026972	0.29718727553283053	0.2558416733307445	0.22893253004811306	0.18158424477137006	0.22213253749827977	0.25840875040513483	0.2093873845977167	0.23662644399026972	0.22213253749827977	0.2765765491958868	0.24237348254622648	0.24873173960440456	0.2820870274473271	0.26389207279748966	0.23138720372649813	0.2653421900839795	0.27836008247293903	0.4177167469062687	0.2305572069254928	0.23942977993725656	0.26682794331323434	0.2545965262129878	0.15341065052410285	0.18666788340004897	0.18900071219777415	0.23394828759700556	0.23754691420859134	0.25840875040513483	0.23662644399026972	0.23394828759700556	0.23394828759700556	0.22003101685243362	0.23222902345297736	0.23662644399026972	0.2088191186537985	0.28812564029324994	0.29027403426670284	0.1684196650290719	0.2558416733307445	0.29479823755555046
G000195835	0.22357679863476257	0.29027403426670284	0.30773764412939153	0.32389069425461553	0.3169477686964359	0.21540830420900098	0.22813642001706028	0.3049347968005296	0.0	0.2924965377783548	0.28604781058084794	0.23138720372649813	0.31373193148001866	0.3106659991430135	0.32032765459644164	0.26991005616576047	0.25711143327125874	0.3049347968005296	0.2357194255859042	0.3022471188556466	0.30773764412939153	0.2160456081230803	0.29027403426670284	0.2801958129262342	0.3106659991430135	0.29718727553283053	0.22431278529329657	0.29718727553283053	0.32389069425461553	0.3049347968005296	0.24039503369398013	0.32389069425461553	0.23138720372649813	0.23482717926450708	0.25101038204265297	0.31373193148001866	0.28403705611170943	0.29027403426670284	0.2996674483382237	0.29027403426670284	0.29718727553283053	0.22431278529329657	0.2715111677956824	0.3049347968005296	0.331643501310515	0.331643501310515	0.2924965377783548	0.32032765459644164	0.2545965262129878	0.29479823755555046	0.29027403426670284	0.2801958129262342	0.29479823755555046	0.31373193148001866	0.31373193148001866	0.27836008247293903	0.24762491944345802	0.34525307337277605	0.30773764412939153	0.2801958129262342	0.24546887929073957
G000195855	0.29718727553283053	0.3561146051231944	0.40502263323733745	0.3561146051231944	0.36899799538875855	0.3169477686964359	0.3049347968005296	0.40502263323733745	0.2924965377783548	0.0	0.36899799538875855	0.2765765491958868	0.4521801001464034	0.4521801001464034	0.3504702783083232	0.3504702783083232	0.31373193148001866	0.4177167469062687	0.28403705611170943	0.3764506193583299	0.36226032139107867	0.14818483018721884	0.34525307337277605	0.34040718308838414	0.4330179306837044	0.39419729906880585	0.29718727553283053	0.3847777168863248	0.3847777168863248	0.40502263323733745	0.33588342363246515	0.3847777168863248	0.3169477686964359	0.34525307337277605	0.3169477686964359	0.39419729906880585	0.36899799538875855	0.3561146051231944	0.10766032278230038	0.3561146051231944	0.40502263323733745	0.29479823755555046	0.39419729906880585	0.4177167469062687	0.3847777168863248	0.3847777168863248	0.36899799538875855	0.36226032139107867	0.3276549144508834	0.4330179306837044	0.4330179306837044	0.33588342363246515	0.34525307337277605	0.3847777168863248	0.40502263323733745	0.36899799538875855	0.3169477686964359	0.3764506193583299	0.40502263323733745	0.40502263323733745	0.3049347968005296
G000214155	0.22813642001706028	0.26247455270352615	0.26389207279748966	0.25840875040513483	0.3561146051231944	0.2597337642165006	0.23308270492107322	0.2801958129262342	0.28604781058084794	0.36899799538875855	0.0	0.24546887929073957	0.27836008247293903	0.2683495390574761	0.2545965262129878	0.12063025433941472	0.27836008247293903	0.26682794331323434	0.24137670742214845	0.27484196684537837	0.2765765491958868	0.2820870274473271	0.3022471188556466	0.24873173960440456	0.27836008247293903	0.2683495390574761	0.25337727496771145	0.25840875040513483	0.29479823755555046	0.2683495390574761	0.27484196684537837	0.28604781058084794	0.25337727496771145	0.2715111677956824	0.22657648943489755	0.26991005616576047	0.17630203663742802	0.16869134859372667	0.3764506193583299	0.24873173960440456	0.2765765491958868	0.26389207279748966	0.15656075327285804	0.25218239713973195	0.2731545668227686	0.27484196684537837	0.2597337642165006	0.2820870274473271	0.2558416733307445	0.27836008247293903	0.2731545668227686	0.2597337642165006	0.2653421900839795	0.2683495390574761	0.27836008247293903	0.24237348254622648	0.2801958129262342	0.331643501310515	0.25840875040513483	0.1572140687874734	0.26247455270352615
G000222105	0.1301403006306644	0.24653640027767587	0.24873173960440456	0.26108945054196464	0.28604781058084794	0.2258126035470329	0.1561296302882911	0.25218239713973195	0.23138720372649813	0.2765765491958868	0.24546887929073957	0.0	0.25337727496771145	0.24762491944345802	0.26682794331323434	0.24137670742214845	0.24762491944345802	0.2433868009929111	0.12300296487632768	0.2683495390574761	0.24762491944345802	0.23138720372649813	0.26991005616576047	0.24762491944345802	0.2765765491958868	0.25101038204265297	0.1833456188313577	0.2433868009929111	0.26108945054196464	0.23308270492107322	0.20499125869386792	0.25711143327125874	0.1759883830918599	0.23222902345297736	0.20342753133711822	0.24653640027767587	0.26108945054196464	0.2433868009929111	0.2996674483382237	0.24546887929073957	0.23308270492107322	0.1594544506511303	0.2433868009929111	0.23754691420859134	0.25711143327125874	0.25337727496771145	0.24237348254622648	0.25337727496771145	0.21353419835850074	0.26682794331323434	0.24873173960440456	0.22657648943489755	0.2433868009929111	0.25218239713973195	0.26991005616576047	0.23394828759700556	0.1886045448927731	0.29027403426670284	0.24653640027767587	0.23662644399026972	0.2433868009929111
G000230895	0.24653640027767587	0.23482717926450708	0.20769970560970222	0.21669146392187277	0.28403705611170943	0.3049347968005296	0.24237348254622648	0.21934744644115023	0.31373193148001866	0.4521801001464034	0.27836008247293903	0.25337727496771145	0.0	0.25337727496771145	0.25101038204265297	0.2444194986283164	0.28812564029324994	0.22213253749827977	0.2558416733307445	0.2558416733307445	0.21800490608085682	0.3169477686964359	0.2715111677956824	0.22657648943489755	0.22735198685539015	0.24546887929073957	0.2683495390574761	0.23848088447154453	0.25337727496771145	0.2357194255859042	0.29718727553283053	0.24237348254622648	0.2653421900839795	0.30773764412939153	0.25711143327125874	0.25101038204265297	0.2715111677956824	0.2683495390574761	0.40502263323733745	0.21477686769367976	0.2558416733307445	0.25218239713973195	0.26991005616576047	0.20394447413525468	0.25101038204265297	0.24546887929073957	0.2433868009929111	0.24873173960440456	0.25840875040513483	0.24873173960440456	0.24986112559927015	0.25218239713973195	0.2117204608762137	0.20660040067261123	0.23308270492107322	0.21734455709591402	0.2820870274473271	0.30773764412939153	0.2305572069254928	0.2715111677956824	0.30773764412939153
G000230935	0.24873173960440456	0.2444194986283164	0.23482717926450708	0.24039503369398013	0.3049347968005296	0.2996674483382237	0.2558416733307445	0.23942977993725656	0.3106659991430135	0.4521801001464034	0.2683495390574761	0.24762491944345802	0.25337727496771145	0.0	0.25840875040513483	0.2653421900839795	0.2996674483382237	0.22357679863476257	0.24546887929073957	0.25218239713973195	0.24873173960440456	0.3106659991430135	0.2545965262129878	0.24237348254622648	0.25337727496771145	0.23394828759700556	0.26247455270352615	0.15699582276060037	0.25337727496771145	0.2357194255859042	0.2820870274473271	0.25101038204265297	0.2715111677956824	0.2820870274473271	0.2715111677956824	0.24653640027767587	0.2731545668227686	0.26682794331323434	0.40502263323733745	0.25101038204265297	0.160847252393782	0.2597337642165006	0.26247455270352615	0.2305572069254928	0.24237348254622648	0.24653640027767587	0.24762491944345802	0.2558416733307445	0.26389207279748966	0.2597337642165006	0.25101038204265297	0.1882111572246421	0.24546887929073957	0.23848088447154453	0.25711143327125874	0.22431278529329657	0.2820870274473271	0.30773764412939153	0.24762491944345802	0.2653421900839795	0.29027403426670284
G000234585	0.24653640027767587	0.2357194255859042	0.24237348254622648	0.22813642001706028	0.3106659991430135	0.28604781058084794	0.25840875040513483	0.23482717926450708	0.32032765459644164	0.3504702783083232	0.2545965262129878	0.26682794331323434	0.25101038204265297	0.25840875040513483	0.0	0.25101038204265297	0.2801958129262342	0.25101038204265297	0.24762491944345802	0.2597337642165006	0.25711143327125874	0.28403705611170943	0.2683495390574761	0.19227193300712356	0.2597337642165006	0.23848088447154453	0.26108945054196464	0.24762491944345802	0.2433868009929111	0.24137670742214845	0.29479823755555046	0.25218239713973195	0.25711143327125874	0.29027403426670284	0.25337727496771145	0.23942977993725656	0.2801958129262342	0.25840875040513483	0.33588342363246515	0.218672529555001	0.25101038204265297	0.2653421900839795	0.2653421900839795	0.2207232639139157	0.24653640027767587	0.24546887929073957	0.25218239713973195	0.25101038204265297	0.2653421900839795	0.2683495390574761	0.25218239713973195	0.24039503369398013	0.2207232639139157	0.22973899487760674	0.24986112559927015	0.19227193300712356	0.2731545668227686	0.29718727553283053	0.2357194255859042	0.25101038204265297	0.2653421900839795
G000240505	0.22735198685539015	0.2597337642165006	0.2597337642165006	0.21800490608085682	0.25840875040513483	0.2801958129262342	0.22284960942422377	0.2558416733307445	0.26991005616576047	0.3504702783083232	0.12063025433941472	0.24137670742214845	0.2444194986283164	0.2653421900839795	0.25101038204265297	0.0	0.26682794331323434	0.23482717926450708	0.2433868009929111	0.26389207279748966	0.26247455270352615	0.27484196684537837	0.27484196684537837	0.2433868009929111	0.22735198685539015	0.2558416733307445	0.24653640027767587	0.25218239713973195	0.2683495390574761	0.23942977993725656	0.24546887929073957	0.2715111677956824	0.24873173960440456	0.2801958129262342	0.24237348254622648	0.2558416733307445	0.1750583118525563	0.16603133693868677	0.34525307337277605	0.2545965262129878	0.27484196684537837	0.2653421900839795	0.14930176190477573	0.24039503369398013	0.25711143327125874	0.26389207279748966	0.24873173960440456	0.25337727496771145	0.2258126035470329	0.27484196684537837	0.2558416733307445	0.2444194986283164	0.25337727496771145	0.22284960942422377	0.22284960942422377	0.22893253004811306	0.26991005616576047	0.32032765459644164	0.2558416733307445	0.14986817924453585	0.26991005616576047
G000257745	0.21054242275835122	0.28403705611170943	0.2996674483382237	0.3169477686964359	0.31373193148001866	0.26682794331323434	0.24986112559927015	0.29718727553283053	0.25711143327125874	0.31373193148001866	0.27836008247293903	0.24762491944345802	0.28812564029324994	0.2996674483382237	0.2801958129262342	0.26682794331323434	0.0	0.28403705611170943	0.2357194255859042	0.2924965377783548	0.2715111677956824	0.25840875040513483	0.29479823755555046	0.27484196684537837	0.3276549144508834	0.3022471188556466	0.24986112559927015	0.29479823755555046	0.28604781058084794	0.29027403426670284	0.2924965377783548	0.3276549144508834	0.24653640027767587	0.26108945054196464	0.20240781135395203	0.3049347968005296	0.28812564029324994	0.2820870274473271	0.34525307337277605	0.29479823755555046	0.29479823755555046	0.24986112559927015	0.25711143327125874	0.3049347968005296	0.3049347968005296	0.3022471188556466	0.27836008247293903	0.3022471188556466	0.2801958129262342	0.29479823755555046	0.29479823755555046	0.2731545668227686	0.26682794331323434	0.29027403426670284	0.3049347968005296	0.2545965262129878	0.25101038204265297	0.34040718308838414	0.2801958129262342	0.2653421900839795	0.08529063564441644
G000266905	0.25218239713973195	0.23942977993725656	0.19227193300712356	0.19897873811118794	0.26991005616576047	0.2996674483382237	0.22142421109400806	0.19897873811118794	0.3049347968005296	0.4177167469062687	0.26682794331323434	0.2433868009929111	0.22213253749827977	0.22357679863476257	0.25101038204265297	0.23482717926450708	0.28403705611170943	0.0	0.25840875040513483	0.24237348254622648	0.2433868009929111	0.2996674483382237	0.24986112559927015	0.22735198685539015	0.2088191186537985	0.23848088447154453	0.2558416733307445	0.23754691420859134	0.23848088447154453	0.22213253749827977	0.25840875040513483	0.23662644399026972	0.25101038204265297	0.2820870274473271	0.25218239713973195	0.24237348254622648	0.2653421900839795	0.25337727496771145	0.40502263323733745	0.23308270492107322	0.2258126035470329	0.2653421900839795	0.2558416733307445	0.15656075327285804	0.19398219792066304	0.2029148766575945	0.25101038204265297	0.23942977993725656	0.25337727496771145	0.24039503369398013	0.2433868009929111	0.23222902345297736	0.22735198685539015	0.2207232639139157	0.22893253004811306	0.20091219825034257	0.2731545668227686	0.2924965377783548	0.1966524080780005	0.25711143327125874	0.29718727553283053
G000277125	0.12412192898698514	0.2597337642165006	0.2597337642165006	0.24986112559927015	0.28403705611170943	0.23662644399026972	0.1622761668348268	0.24137670742214845	0.2357194255859042	0.28403705611170943	0.24137670742214845	0.12300296487632768	0.2558416733307445	0.24546887929073957	0.24762491944345802	0.2433868009929111	0.2357194255859042	0.25840875040513483	0.0	0.2731545668227686	0.24986112559927015	0.218672529555001	0.2731545668227686	0.24653640027767587	0.28403705611170943	0.24986112559927015	0.17920956723323422	0.24873173960440456	0.26389207279748966	0.24237348254622648	0.21669146392187277	0.26991005616576047	0.17149153517990956	0.2433868009929111	0.19993766487023476	0.24986112559927015	0.24762491944345802	0.23942977993725656	0.29718727553283053	0.24653640027767587	0.24762491944345802	0.1333169961382763	0.24137670742214845	0.23308270492107322	0.25840875040513483	0.2653421900839795	0.25337727496771145	0.26108945054196464	0.20825656316420882	0.26108945054196464	0.25840875040513483	0.24546887929073957	0.24873173960440456	0.24546887929073957	0.25840875040513483	0.2357194255859042	0.20042346693072297	0.29027403426670284	0.24653640027767587	0.24653640027767587	0.23394828759700556
G000317305	0.2558416733307445	0.23138720372649813	0.23942977993725656	0.23754691420859134	0.32389069425461553	0.32032765459644164	0.24873173960440456	0.2305572069254928	0.3022471188556466	0.3764506193583299	0.27484196684537837	0.2683495390574761	0.2558416733307445	0.25218239713973195	0.2597337642165006	0.26389207279748966	0.2924965377783548	0.24237348254622648	0.2731545668227686	0.0	0.25711143327125874	0.3169477686964359	0.24653640027767587	0.25337727496771145	0.25337727496771145	0.22284960942422377	0.2801958129262342	0.2558416733307445	0.23138720372649813	0.21054242275835122	0.29718727553283053	0.25337727496771145	0.28604781058084794	0.29479823755555046	0.26682794331323434	0.22003101685243362	0.28604781058084794	0.26991005616576047	0.39419729906880585	0.25711143327125874	0.24546887929073957	0.2765765491958868	0.26682794331323434	0.22213253749827977	0.22657648943489755	0.23482717926450708	0.2357194255859042	0.23942977993725656	0.28403705611170943	0.23942977993725656	0.18628832938500356	0.23662644399026972	0.2433868009929111	0.25218239713973195	0.24762491944345802	0.22893253004811306	0.30773764412939153	0.2996674483382237	0.23848088447154453	0.26682794331323434	0.28812564029324994
G000328565	0.25711143327125874	0.24986112559927015	0.23138720372649813	0.23308270492107322	0.30773764412939153	0.3169477686964359	0.25711143327125874	0.23662644399026972	0.30773764412939153	0.36226032139107867	0.2765765491958868	0.24762491944345802	0.21800490608085682	0.24873173960440456	0.25711143327125874	0.26247455270352615	0.2715111677956824	0.2433868009929111	0.24986112559927015	0.25711143327125874	0.0	0.28812564029324994	0.2444194986283164	0.2357194255859042	0.24873173960440456	0.2545965262129878	0.26682794331323434	0.24873173960440456	0.24237348254622648	0.24546887929073957	0.2801958129262342	0.25711143327125874	0.2597337642165006	0.28604781058084794	0.2597337642165006	0.2653421900839795	0.29479823755555046	0.27836008247293903	0.40502263323733745	0.21477686769367976	0.24039503369398013	0.26108945054196464	0.28604781058084794	0.20190501540567318	0.23662644399026972	0.24237348254622648	0.2558416733307445	0.2545965262129878	0.2765765491958868	0.26247455270352615	0.25840875040513483	0.24653640027767587	0.22657648943489755	0.2305572069254928	0.2558416733307445	0.22003101685243362	0.2715111677956824	0.32389069425461553	0.2258126035470329	0.2765765491958868	0.29027403426670284
G000340435	0.22813642001706028	0.2820870274473271	0.32032765459644164	0.29718727553283053	0.33588342363246515	0.23754691420859134	0.22893253004811306	0.29718727553283053	0.2160456081230803	0.14818483018721884	0.2820870274473271	0.23138720372649813	0.3169477686964359	0.3106659991430135	0.28403705611170943	0.27484196684537837	0.25840875040513483	0.2996674483382237	0.218672529555001	0.3169477686964359	0.28812564029324994	0.0	0.2996674483382237	0.28812564029324994	0.3169477686964359	0.31373193148001866	0.21934744644115023	0.29718727553283053	0.30773764412939153	0.3169477686964359	0.2597337642165006	0.3106659991430135	0.22505759462756314	0.2558416733307445	0.25711143327125874	0.3106659991430135	0.28604781058084794	0.2715111677956824	0.14781816630146477	0.2715111677956824	0.28812564029324994	0.22505759462756314	0.2715111677956824	0.30773764412939153	0.31373193148001866	0.32389069425461553	0.3106659991430135	0.3169477686964359	0.24546887929073957	0.3022471188556466	0.3276549144508834	0.29479823755555046	0.2801958129262342	0.30773764412939153	0.3022471188556466	0.29479823755555046	0.24039503369398013	0.331643501310515	0.3169477686964359	0.27836008247293903	0.2558416733307445
G000373905	0.25840875040513483	0.2258126035470329	0.26108945054196464	0.24653640027767587	0.3049347968005296	0.3106659991430135	0.2820870274473271	0.2558416733307445	0.29027403426670284	0.34525307337277605	0.3022471188556466	0.26991005616576047	0.2715111677956824	0.2545965262129878	0.2683495390574761	0.27484196684537837	0.29479823755555046	0.24986112559927015	0.2731545668227686	0.24653640027767587	0.2444194986283164	0.2996674483382237	0.0	0.2558416733307445	0.26247455270352615	0.20996269672723128	0.26991005616576047	0.2731545668227686	0.19993766487023476	0.23942977993725656	0.3049347968005296	0.26108945054196464	0.26247455270352615	0.32032765459644164	0.26991005616576047	0.20996269672723128	0.28812564029324994	0.2731545668227686	0.3764506193583299	0.24546887929073957	0.2820870274473271	0.28812564029324994	0.27484196684537837	0.24137670742214845	0.25218239713973195	0.2545965262129878	0.2433868009929111	0.20660040067261123	0.2996674483382237	0.2715111677956824	0.24546887929073957	0.2653421900839795	0.25711143327125874	0.26389207279748966	0.15548956197549332	0.22431278529329657	0.29027403426670284	0.29718727553283053	0.24137670742214845	0.27836008247293903	0.3022471188556466
G000379865	0.22284960942422377	0.22213253749827977	0.2258126035470329	0.22284960942422377	0.29479823755555046	0.27484196684537837	0.24546887929073957	0.22893253004811306	0.2801958129262342	0.34040718308838414	0.24873173960440456	0.24762491944345802	0.22657648943489755	0.24237348254622648	0.19227193300712356	0.2433868009929111	0.27484196684537837	0.22735198685539015	0.24653640027767587	0.25337727496771145	0.2357194255859042	0.28812564029324994	0.2558416733307445	0.0	0.23662644399026972	0.23754691420859134	0.24546887929073957	0.24237348254622648	0.2558416733307445	0.22813642001706028	0.2731545668227686	0.24873173960440456	0.24653640027767587	0.2731545668227686	0.24873173960440456	0.23942977993725656	0.2731545668227686	0.2558416733307445	0.3847777168863248	0.1948582451298305	0.24237348254622648	0.24653640027767587	0.26389207279748966	0.2123188014747317	0.22893253004811306	0.22284960942422377	0.23848088447154453	0.24762491944345802	0.2558416733307445	0.2433868009929111	0.2305572069254928	0.21800490608085682	0.2117204608762137	0.22284960942422377	0.23754691420859134	0.16787909470400164	0.2683495390574761	0.29027403426670284	0.2093873845977167	0.25840875040513483	0.25711143327125874
G000455165	0.26389207279748966	0.24873173960440456	0.18089536117269608	0.1966524080780005	0.26108945054196464	0.30773764412939153	0.22735198685539015	0.18158424477137006	0.3106659991430135	0.4330179306837044	0.27836008247293903	0.2765765491958868	0.22735198685539015	0.25337727496771145	0.2597337642165006	0.22735198685539015	0.3276549144508834	0.2088191186537985	0.28403705611170943	0.25337727496771145	0.24873173960440456	0.3169477686964359	0.26247455270352615	0.23662644399026972	0.0	0.24873173960440456	0.27836008247293903	0.22505759462756314	0.2305572069254928	0.2357194255859042	0.2924965377783548	0.2444194986283164	0.29718727553283053	0.3022471188556466	0.27836008247293903	0.25337727496771145	0.3106659991430135	0.2924965377783548	0.4177167469062687	0.23662644399026972	0.25101038204265297	0.27836008247293903	0.3049347968005296	0.1961989182718191	0.20394447413525468	0.19185207866623355	0.24546887929073957	0.24986112559927015	0.2305572069254928	0.26991005616576047	0.2444194986283164	0.23482717926450708	0.22284960942422377	0.2029148766575945	0.21353419835850074	0.2258126035470329	0.2924965377783548	0.3049347968005296	0.19530184255346789	0.29027403426670284	0.32032765459644164
G000455325	0.24873173960440456	0.19803666198016007	0.22813642001706028	0.22284960942422377	0.28812564029324994	0.3022471188556466	0.24762491944345802	0.22213253749827977	0.29718727553283053	0.39419729906880585	0.2683495390574761	0.25101038204265297	0.24546887929073957	0.23394828759700556	0.23848088447154453	0.2558416733307445	0.3022471188556466	0.23848088447154453	0.24986112559927015	0.22284960942422377	0.2545965262129878	0.31373193148001866	0.20996269672723128	0.23754691420859134	0.24873173960440456	0.0	0.25218239713973195	0.23942977993725656	0.18939837615660138	0.22284960942422377	0.2801958129262342	0.25218239713973195	0.2545965262129878	0.29479823755555046	0.26389207279748966	0.12105319264392575	0.26991005616576047	0.25711143327125874	0.40502263323733745	0.24039503369398013	0.2444194986283164	0.26108945054196464	0.25840875040513483	0.22003101685243362	0.22973899487760674	0.2305572069254928	0.2207232639139157	0.12752087640976076	0.26108945054196464	0.2597337642165006	0.23662644399026972	0.2305572069254928	0.22893253004811306	0.23942977993725656	0.17725391782732636	0.21734455709591402	0.2765765491958868	0.28403705611170943	0.23394828759700556	0.2545965262129878	0.32032765459644164
G000526915	0.17354309992671846	0.2558416733307445	0.2683495390574761	0.25337727496771145	0.31373193148001866	0.22505759462756314	0.1833456188313577	0.25840875040513483	0.22431278529329657	0.29718727553283053	0.25337727496771145	0.1833456188313577	0.2683495390574761	0.26247455270352615	0.26108945054196464	0.24653640027767587	0.24986112559927015	0.2558416733307445	0.17920956723323422	0.2801958129262342	0.26682794331323434	0.21934744644115023	0.26991005616576047	0.24546887929073957	0.27836008247293903	0.25218239713973195	0.0	0.25218239713973195	0.25840875040513483	0.2597337642165006	0.21800490608085682	0.27484196684537837	0.06309576321413253	0.22813642001706028	0.2160456081230803	0.26389207279748966	0.26991005616576047	0.2731545668227686	0.31373193148001866	0.24873173960440456	0.2558416733307445	0.18263470439162113	0.2597337642165006	0.25840875040513483	0.25711143327125874	0.26108945054196464	0.2444194986283164	0.2545965262129878	0.21734455709591402	0.27836008247293903	0.26247455270352615	0.25101038204265297	0.26108945054196464	0.24237348254622648	0.27484196684537837	0.23848088447154453	0.16814933116382516	0.30773764412939153	0.24873173960440456	0.2444194986283164	0.2444194986283164
G000559085	0.23482717926450708	0.24762491944345802	0.21540830420900098	0.21734455709591402	0.29479823755555046	0.28812564029324994	0.24237348254622648	0.2093873845977167	0.29718727553283053	0.3847777168863248	0.25840875040513483	0.2433868009929111	0.23848088447154453	0.15699582276060037	0.24762491944345802	0.25218239713973195	0.29479823755555046	0.23754691420859134	0.24873173960440456	0.2558416733307445	0.24873173960440456	0.29718727553283053	0.2731545668227686	0.24237348254622648	0.22505759462756314	0.23942977993725656	0.25218239713973195	0.0	0.26389207279748966	0.2444194986283164	0.2731545668227686	0.24546887929073957	0.24762491944345802	0.2924965377783548	0.26247455270352615	0.2558416733307445	0.2765765491958868	0.26108945054196464	0.4177167469062687	0.24137670742214845	0.13304469186791087	0.25101038204265297	0.2558416733307445	0.21540830420900098	0.22735198685539015	0.23394828759700556	0.24039503369398013	0.25101038204265297	0.2545965262129878	0.24546887929073957	0.24039503369398013	0.1851661787460195	0.23662644399026972	0.2558416733307445	0.24873173960440456	0.22735198685539015	0.2801958129262342	0.2996674483382237	0.2305572069254928	0.24873173960440456	0.2765765491958868
G000612825	0.25711143327125874	0.19574829894890117	0.23308270492107322	0.23848088447154453	0.31373193148001866	0.31373193148001866	0.26247455270352615	0.23662644399026972	0.32389069425461553	0.3847777168863248	0.29479823755555046	0.26108945054196464	0.25337727496771145	0.25337727496771145	0.2433868009929111	0.2683495390574761	0.28604781058084794	0.23848088447154453	0.26389207279748966	0.23138720372649813	0.24237348254622648	0.30773764412939153	0.19993766487023476	0.2558416733307445	0.2305572069254928	0.18939837615660138	0.25840875040513483	0.26389207279748966	0.0	0.21415261469809568	0.2731545668227686	0.25101038204265297	0.26682794331323434	0.28812564029324994	0.2801958129262342	0.20140648046064907	0.27836008247293903	0.2765765491958868	0.39419729906880585	0.23308270492107322	0.2653421900839795	0.29479823755555046	0.25337727496771145	0.22505759462756314	0.2433868009929111	0.24137670742214845	0.22431278529329657	0.1788781939203654	0.28403705611170943	0.2558416733307445	0.2305572069254928	0.24237348254622648	0.24237348254622648	0.24653640027767587	0.1819321103103758	0.23138720372649813	0.28812564029324994	0.2996674483382237	0.23848088447154453	0.25840875040513483	0.2924965377783548
G000613185	0.2357194255859042	0.22505759462756314	0.21800490608085682	0.21353419835850074	0.26247455270352615	0.28604781058084794	0.22893253004811306	0.22213253749827977	0.3049347968005296	0.40502263323733745	0.2683495390574761	0.23308270492107322	0.2357194255859042	0.2357194255859042	0.24137670742214845	0.23942977993725656	0.29027403426670284	0.22213253749827977	0.24237348254622648	0.21054242275835122	0.24546887929073957	0.3169477686964359	0.23942977993725656	0.22813642001706028	0.2357194255859042	0.22284960942422377	0.2597337642165006	0.2444194986283164	0.21415261469809568	0.0	0.2731545668227686	0.23308270492107322	0.26389207279748966	0.28604781058084794	0.25711143327125874	0.2305572069254928	0.26682794331323434	0.24986112559927015	0.3847777168863248	0.24137670742214845	0.24237348254622648	0.2653421900839795	0.2558416733307445	0.20091219825034257	0.22284960942422377	0.23482717926450708	0.22003101685243362	0.218672529555001	0.25840875040513483	0.23394828759700556	0.20042346693072297	0.21934744644115023	0.23942977993725656	0.22893253004811306	0.2123188014747317	0.2123188014747317	0.26108945054196464	0.2924965377783548	0.22284960942422377	0.2597337642165006	0.3022471188556466
G000613245	0.2117204608762137	0.2801958129262342	0.2715111677956824	0.27484196684537837	0.331643501310515	0.2357194255859042	0.21353419835850074	0.2765765491958868	0.24039503369398013	0.33588342363246515	0.27484196684537837	0.20499125869386792	0.29718727553283053	0.2820870274473271	0.29479823755555046	0.24546887929073957	0.2924965377783548	0.25840875040513483	0.21669146392187277	0.29718727553283053	0.2801958129262342	0.2597337642165006	0.3049347968005296	0.2731545668227686	0.2924965377783548	0.2801958129262342	0.21800490608085682	0.2731545668227686	0.2731545668227686	0.2731545668227686	0.0	0.2996674483382237	0.22213253749827977	0.23394828759700556	0.23942977993725656	0.2765765491958868	0.26682794331323434	0.25840875040513483	0.3561146051231944	0.26682794331323434	0.26389207279748966	0.22505759462756314	0.25840875040513483	0.2715111677956824	0.2801958129262342	0.2924965377783548	0.26991005616576047	0.2765765491958868	0.1935497354276064	0.29718727553283053	0.2715111677956824	0.2683495390574761	0.26247455270352615	0.27484196684537837	0.2924965377783548	0.2715111677956824	0.2357194255859042	0.3276549144508834	0.2715111677956824	0.2715111677956824	0.27484196684537837
G000620625	0.28604781058084794	0.24137670742214845	0.25218239713973195	0.22973899487760674	0.31373193148001866	0.32032765459644164	0.2597337642165006	0.24237348254622648	0.32389069425461553	0.3847777168863248	0.28604781058084794	0.25711143327125874	0.24237348254622648	0.25101038204265297	0.25218239713973195	0.2715111677956824	0.3276549144508834	0.23662644399026972	0.26991005616576047	0.25337727496771145	0.25711143327125874	0.3106659991430135	0.26108945054196464	0.24873173960440456	0.2444194986283164	0.25218239713973195	0.27484196684537837	0.24546887929073957	0.25101038204265297	0.23308270492107322	0.2996674483382237	0.0	0.27484196684537837	0.3106659991430135	0.2715111677956824	0.2597337642165006	0.3022471188556466	0.27484196684537837	0.39419729906880585	0.24039503369398013	0.24986112559927015	0.2801958129262342	0.2683495390574761	0.2305572069254928	0.24137670742214845	0.25101038204265297	0.24039503369398013	0.25840875040513483	0.27836008247293903	0.22657648943489755	0.23394828759700556	0.25218239713973195	0.2433868009929111	0.24653640027767587	0.24873173960440456	0.22813642001706028	0.27836008247293903	0.29718727553283053	0.23662644399026972	0.2801958129262342	0.3049347968005296
G000689255	0.1732457158941927	0.26389207279748966	0.2545965262129878	0.2597337642165006	0.31373193148001866	0.23394828759700556	0.1795423574944602	0.24873173960440456	0.23138720372649813	0.3169477686964359	0.25337727496771145	0.1759883830918599	0.2653421900839795	0.2715111677956824	0.25711143327125874	0.24873173960440456	0.24653640027767587	0.25101038204265297	0.17149153517990956	0.28604781058084794	0.2597337642165006	0.22505759462756314	0.26247455270352615	0.24653640027767587	0.29718727553283053	0.2545965262129878	0.06309576321413253	0.24762491944345802	0.26682794331323434	0.26389207279748966	0.22213253749827977	0.27484196684537837	0.0	0.2258126035470329	0.20996269672723128	0.2715111677956824	0.2715111677956824	0.26991005616576047	0.33588342363246515	0.24986112559927015	0.24762491944345802	0.1750583118525563	0.2653421900839795	0.25337727496771145	0.25711143327125874	0.2820870274473271	0.25101038204265297	0.26247455270352615	0.2160456081230803	0.27836008247293903	0.2715111677956824	0.2558416733307445	0.2683495390574761	0.24873173960440456	0.2653421900839795	0.23222902345297736	0.15899941057386166	0.31373193148001866	0.23942977993725656	0.25711143327125874	0.23942977993725656
