111
G000009765	0.0000000	0.1975719	0.1662909	0.2221325	0.2180049	0.1712050	0.2117205	0.1692400	0.1644969	0.2330827	0.1726551	0.1735431	0.2413767	0.1741445	0.2384809	0.1961989	0.2071472	0.1655149	0.1709199	0.2173446	0.1655149	0.1826347	0.2313872	0.1953018	0.1632514	0.2653422	0.2668279	0.1975719	0.2510104	0.2289325	0.2498611	0.2403950	0.2384809	0.1939822	0.1620353	0.2454689	0.2214242	0.1714915	0.2173446	0.1546472	0.1859128	0.1610827	0.2117205	0.2071472	0.2093874	0.2258126	0.2160456	0.1660313	0.1994561	0.2099627	0.2330827	0.2638921	0.2066004	0.2082566	0.2099627	0.2082566	0.1878218	0.1615564	0.1763020	0.2228496	0.2039445	0.2454689	0.1538193	0.1732457	0.2521824	0.1971101	0.2200310	0.1709199	0.1971101	0.2076997	0.2154083	0.2180049	0.2423735	0.0036223	0.2521824	0.1726551	0.2366264	0.1712050	0.2638921	0.2160456	0.1914350	0.1994561	0.2180049	0.1744473	0.1729497	0.1627618	0.1819321	0.1798778	0.1662909	0.2093874	0.1684197	0.1559154	0.1769348	0.1782235	0.2454689	0.1625183	0.1684197	0.1569958	0.1599147	0.1676115	0.1953018	0.1706361	0.1700738	0.2289325	0.2066004	0.2154083	0.2160456	0.2384809	0.2066004	0.2423735	0.2366264
G000010605	0.1975719	0.0000000	0.2044657	0.2214242	0.2180049	0.1994561	0.2166915	0.2004235	0.2055224	0.1989787	0.2009122	0.2076997	0.2180049	0.1890007	0.2297390	0.2273520	0.1859128	0.2147769	0.2173446	0.2123188	0.2111279	0.1989787	0.2357194	0.1538193	0.2105424	0.2597338	0.2476249	0.1829894	0.2394298	0.2141526	0.2289325	0.2297390	0.2173446	0.1874340	0.1994561	0.2384809	0.2019050	0.2105424	0.2066004	0.2154083	0.1980367	0.2180049	0.1606118	0.2105424	0.2141526	0.2049913	0.1966524	0.2055224	0.1792096	0.2088191	0.2173446	0.2444195	0.2014065	0.1953018	0.1910221	0.1953018	0.2082566	0.2093874	0.1994561	0.2193474	0.1819321	0.2250576	0.2071472	0.1971101	0.2357194	0.2305572	0.2082566	0.2024078	0.2034275	0.1829894	0.2123188	0.2186725	0.2375469	0.2014065	0.2476249	0.2105424	0.2357194	0.1980367	0.2465364	0.2055224	0.1890007	0.1931201	0.2034275	0.2160456	0.2105424	0.2123188	0.2093874	0.1953018	0.2044657	0.2105424	0.2105424	0.2029149	0.1985056	0.1906120	0.2444195	0.2088191	0.2034275	0.2093874	0.2071472	0.2082566	0.1851662	0.1975719	0.1948582	0.1948582	0.2066004	0.2082566	0.1966524	0.2228496	0.1592269	0.2375469	0.2243128
G000091305	0.1662909	0.2044657	0.0000000	0.2250576	0.2297390	0.1788782	0.2160456	0.1778976	0.1650039	0.2200310	0.1792096	0.1769348	0.2375469	0.1692400	0.2454689	0.1647497	0.1999377	0.1314392	0.1576545	0.2243128	0.1692400	0.1914350	0.2250576	0.2014065	0.1775757	0.2487317	0.2558417	0.2039445	0.2510104	0.2330827	0.2413767	0.2384809	0.2366264	0.2066004	0.1759884	0.2510104	0.2235768	0.1890007	0.2289325	0.1625183	0.1989787	0.1855388	0.2160456	0.2093874	0.2186725	0.2273520	0.2214242	0.1878218	0.1994561	0.2243128	0.2357194	0.2653422	0.2111279	0.2034275	0.2060592	0.2147769	0.2082566	0.1673452	0.1840674	0.2394298	0.1957483	0.2413767	0.1738431	0.1759884	0.2487317	0.2105424	0.2357194	0.1874340	0.2135342	0.2029149	0.2207233	0.2250576	0.2433868	0.1695170	0.2638921	0.1766171	0.2413767	0.1882112	0.2699101	0.2235768	0.1985056	0.2088191	0.2186725	0.1874340	0.1769348	0.1882112	0.1829894	0.1999377	0.1258502	0.2166915	0.1657731	0.1775757	0.1866679	0.2009122	0.2610895	0.1668154	0.1782235	0.1678791	0.1632514	0.1662909	0.2004235	0.1798778	0.1788782	0.2160456	0.2154083	0.2258126	0.2076997	0.2394298	0.2160456	0.2433868	0.2394298
G000092385	0.2221325	0.2214242	0.2250576	0.0000000	0.1634989	0.2375469	0.1587720	0.2173446	0.2154083	0.2322290	0.2193474	0.2366264	0.2545965	0.2258126	0.2423735	0.2533773	0.2433868	0.2243128	0.2433868	0.2281364	0.2297390	0.2330827	0.2322290	0.2166915	0.2243128	0.2801958	0.2715112	0.2281364	0.2375469	0.2384809	0.2487317	0.2444195	0.2348272	0.2265765	0.2339483	0.2533773	0.2313872	0.2243128	0.2105424	0.2273520	0.2289325	0.2235768	0.2366264	0.2180049	0.2207233	0.2235768	0.2135342	0.2289325	0.2339483	0.2111279	0.2235768	0.2683495	0.2141526	0.2305572	0.2357194	0.2297390	0.2366264	0.2297390	0.2305572	0.2366264	0.2297390	0.2357194	0.2357194	0.2243128	0.2558417	0.2498611	0.2305572	0.2357194	0.2289325	0.2322290	0.2180049	0.1594545	0.2571114	0.2207233	0.2558417	0.2258126	0.2330827	0.2250576	0.2653422	0.2200310	0.2322290	0.2186725	0.2498611	0.2366264	0.2423735	0.2348272	0.2403950	0.2339483	0.2273520	0.2186725	0.2281364	0.2348272	0.2348272	0.2289325	0.2476249	0.2250576	0.2305572	0.2258126	0.2289325	0.2250576	0.2375469	0.2186725	0.2221325	0.2297390	0.2173446	0.2357194	0.2357194	0.2357194	0.2330827	0.2571114	0.2366264
G000147815	0.2180049	0.2180049	0.2297390	0.1634989	0.0000000	0.2305572	0.1358429	0.2129229	0.2193474	0.2214242	0.2154083	0.2186725	0.2510104	0.2207233	0.2265765	0.2444195	0.2357194	0.2186725	0.2498611	0.2160456	0.2193474	0.2250576	0.2273520	0.2235768	0.2235768	0.2765765	0.2610895	0.2214242	0.2330827	0.2214242	0.2297390	0.2273520	0.2273520	0.2221325	0.2186725	0.2476249	0.2207233	0.2243128	0.2135342	0.2394298	0.2305572	0.2265765	0.2339483	0.2082566	0.2123188	0.2221325	0.2186725	0.2141526	0.2281364	0.2066004	0.2265765	0.2533773	0.2099627	0.2258126	0.2348272	0.2313872	0.2281364	0.2297390	0.2250576	0.2465364	0.2258126	0.2357194	0.2339483	0.2093874	0.2454689	0.2305572	0.2339483	0.2200310	0.2235768	0.2330827	0.2117205	0.0768813	0.2465364	0.2193474	0.2394298	0.2200310	0.2384809	0.2265765	0.2545965	0.2135342	0.2207233	0.2221325	0.2444195	0.2339483	0.2297390	0.2313872	0.2487317	0.2235768	0.2313872	0.2055224	0.2200310	0.2313872	0.2375469	0.2160456	0.2510104	0.2207233	0.2258126	0.2281364	0.2265765	0.2265765	0.2273520	0.2123188	0.2193474	0.2221325	0.2071472	0.2313872	0.2289325	0.2297390	0.2313872	0.2465364	0.2273520
G000156435	0.1712050	0.1994561	0.1788782	0.2375469	0.2305572	0.0000000	0.2221325	0.1456729	0.1448040	0.2082566	0.1476367	0.1700738	0.2322290	0.1589994	0.2207233	0.1999377	0.1918521	0.1788782	0.1847976	0.2082566	0.1642454	0.1926946	0.2117205	0.1931201	0.1844305	0.2584088	0.2487317	0.1966524	0.2330827	0.2305572	0.2265765	0.2313872	0.2193474	0.2055224	0.1610827	0.2289325	0.2173446	0.1647497	0.2088191	0.1587720	0.1948582	0.1829894	0.2129229	0.2093874	0.2117205	0.2166915	0.2123188	0.1714915	0.1890007	0.2154083	0.2099627	0.2454689	0.2044657	0.1957483	0.1935497	0.2044657	0.1971101	0.1630066	0.1494897	0.2281364	0.1914350	0.2273520	0.1763020	0.1596845	0.2297390	0.1788782	0.2186725	0.1703536	0.1948582	0.1953018	0.2214242	0.2313872	0.2330827	0.1738431	0.2444195	0.1735431	0.2180049	0.1429456	0.2433868	0.2066004	0.2009122	0.2147769	0.2141526	0.1587720	0.1935497	0.1906120	0.1210532	0.1989787	0.1662909	0.2088191	0.1647497	0.1851662	0.1175746	0.1847976	0.2423735	0.1518063	0.1563452	0.1552780	0.1720699	0.1454981	0.1944188	0.1578766	0.1436138	0.2049913	0.2076997	0.2160456	0.1890007	0.2173446	0.2093874	0.2330827	0.2339483
G000158915	0.2117205	0.2166915	0.2160456	0.1587720	0.1358429	0.2221325	0.0000000	0.2123188	0.2093874	0.2258126	0.2166915	0.2235768	0.2444195	0.2200310	0.2258126	0.2313872	0.2273520	0.2160456	0.2394298	0.2088191	0.2166915	0.2180049	0.2228496	0.2123188	0.2221325	0.2715112	0.2624746	0.2186725	0.2375469	0.2289325	0.2375469	0.2403950	0.2258126	0.2123188	0.2166915	0.2444195	0.2258126	0.2221325	0.1971101	0.2193474	0.2147769	0.2135342	0.2166915	0.2049913	0.2055224	0.2123188	0.2129229	0.2166915	0.2281364	0.2004235	0.2186725	0.2624746	0.2117205	0.2297390	0.2160456	0.2235768	0.2243128	0.2200310	0.2207233	0.2444195	0.2093874	0.2258126	0.2305572	0.2141526	0.2433868	0.2273520	0.2200310	0.2243128	0.2141526	0.2243128	0.1999377	0.1367136	0.2413767	0.2141526	0.2375469	0.2281364	0.2258126	0.2154083	0.2487317	0.2060592	0.2129229	0.2166915	0.2366264	0.2339483	0.2250576	0.2384809	0.2313872	0.2180049	0.2129229	0.2019050	0.2160456	0.2207233	0.2322290	0.2160456	0.2510104	0.2243128	0.2147769	0.2147769	0.2250576	0.2135342	0.2207233	0.2076997	0.2060592	0.2273520	0.2044657	0.2289325	0.2228496	0.2413767	0.2200310	0.2413767	0.2235768
G000158935	0.1692400	0.2004235	0.1778976	0.2173446	0.2129229	0.1456729	0.2123188	0.0000000	0.1510219	0.2160456	0.0079571	0.1670790	0.2173446	0.1613195	0.2289325	0.1953018	0.1886045	0.1805543	0.1893984	0.2123188	0.1567776	0.1855388	0.2173446	0.1882112	0.1744473	0.2533773	0.2465364	0.1957483	0.2166915	0.2243128	0.2281364	0.2394298	0.2117205	0.1926946	0.1574348	0.2330827	0.2060592	0.1673452	0.2147769	0.1538193	0.1833456	0.1812391	0.2066004	0.2055224	0.2066004	0.2066004	0.2135342	0.1637464	0.1893984	0.2154083	0.2123188	0.2521824	0.2105424	0.1957483	0.1862883	0.1975719	0.1918521	0.1615564	0.0969333	0.2235768	0.1870502	0.2289325	0.1756774	0.1617958	0.2313872	0.1855388	0.2207233	0.1753665	0.1948582	0.1931201	0.2082566	0.2111279	0.2322290	0.1753665	0.2305572	0.1726551	0.2186725	0.1441201	0.2510104	0.2049913	0.1910221	0.2019050	0.2082566	0.1615564	0.1910221	0.1792096	0.1550664	0.1866679	0.1712050	0.2024078	0.1634989	0.1788782	0.1487406	0.1785495	0.2366264	0.1542319	0.1552780	0.1548574	0.1613195	0.1480021	0.1866679	0.1548574	0.0999841	0.2147769	0.2066004	0.2034275	0.1966524	0.2273520	0.2071472	0.2322290	0.2305572
G000158955	0.1644969	0.2055224	0.1650039	0.2154083	0.2193474	0.1448040	0.2093874	0.1510219	0.0000000	0.2193474	0.1550664	0.1766171	0.2339483	0.1596845	0.2444195	0.1935497	0.2117205	0.1684197	0.1756774	0.2221325	0.1569958	0.1914350	0.2357194	0.2039445	0.1660313	0.2653422	0.2610895	0.1910221	0.2384809	0.2384809	0.2454689	0.2384809	0.2305572	0.2055224	0.1610827	0.2465364	0.2123188	0.1678791	0.2141526	0.1442910	0.1893984	0.1738431	0.2154083	0.2111279	0.2093874	0.2281364	0.2180049	0.1769348	0.1953018	0.2173446	0.2207233	0.2624746	0.2180049	0.2049913	0.2055224	0.2082566	0.2014065	0.1498682	0.1557024	0.2394298	0.2019050	0.2498611	0.1738431	0.1620353	0.2357194	0.1819321	0.2394298	0.1812391	0.2055224	0.2014065	0.2173446	0.2330827	0.2366264	0.1692400	0.2487317	0.1630066	0.2250576	0.1532070	0.2610895	0.2173446	0.1971101	0.2071472	0.2147769	0.1642454	0.1769348	0.1766171	0.1565608	0.2044657	0.1652594	0.1985056	0.1580988	0.1766171	0.1548574	0.1893984	0.2465364	0.1585471	0.1572141	0.1370076	0.1504424	0.0969960	0.1957483	0.1655149	0.1522031	0.2180049	0.2088191	0.2166915	0.2034275	0.2357194	0.2193474	0.2366264	0.2375469
G000163875	0.2330827	0.1989787	0.2200310	0.2322290	0.2214242	0.2082566	0.2258126	0.2160456	0.2193474	0.0000000	0.2207233	0.2193474	0.2348272	0.2207233	0.2235768	0.2403950	0.2034275	0.2305572	0.2384809	0.2273520	0.2200310	0.2273520	0.2348272	0.2014065	0.2444195	0.2731546	0.2638921	0.2029149	0.2653422	0.2348272	0.2533773	0.2584088	0.2413767	0.2024078	0.2154083	0.2610895	0.2193474	0.2250576	0.2258126	0.2297390	0.2207233	0.2348272	0.2228496	0.2281364	0.2221325	0.2258126	0.2099627	0.2129229	0.2024078	0.2173446	0.2476249	0.2653422	0.2200310	0.2228496	0.2076997	0.2173446	0.2200310	0.2413767	0.2129229	0.2297390	0.2049913	0.2571114	0.2281364	0.2099627	0.2533773	0.2330827	0.2180049	0.2166915	0.2060592	0.2055224	0.2265765	0.2265765	0.2683495	0.2394298	0.2653422	0.2186725	0.2558417	0.2193474	0.2683495	0.2193474	0.1980367	0.2135342	0.2228496	0.2200310	0.2423735	0.2366264	0.2313872	0.2180049	0.2186725	0.2235768	0.2193474	0.2413767	0.2221325	0.2105424	0.2597338	0.2166915	0.2154083	0.2200310	0.2313872	0.2243128	0.1994561	0.2099627	0.2147769	0.0041443	0.2221325	0.2228496	0.2055224	0.2357194	0.2166915	0.2683495	0.2413767
G000203835	0.1726551	0.2009122	0.1792096	0.2193474	0.2154083	0.1476367	0.2166915	0.0079571	0.1550664	0.2207233	0.0000000	0.1686913	0.2207233	0.1630066	0.2313872	0.1961989	0.1914350	0.1815842	0.1902046	0.2123188	0.1589994	0.1882112	0.2193474	0.1902046	0.1750583	0.2571114	0.2487317	0.1985056	0.2228496	0.2305572	0.2289325	0.2444195	0.2135342	0.1966524	0.1608473	0.2339483	0.2093874	0.1703536	0.2160456	0.1589994	0.1847976	0.1851662	0.2105424	0.2093874	0.2105424	0.2129229	0.2160456	0.1657731	0.1914350	0.2166915	0.2193474	0.2498611	0.2117205	0.1994561	0.1898001	0.1994561	0.1966524	0.1622762	0.0992510	0.2297390	0.1862883	0.2322290	0.1805543	0.1650039	0.2330827	0.1878218	0.2273520	0.1772539	0.1957483	0.1957483	0.2093874	0.2123188	0.2348272	0.1756774	0.2348272	0.1732457	0.2173446	0.1462002	0.2510104	0.2066004	0.1914350	0.2049913	0.2123188	0.1644969	0.1893984	0.1812391	0.1578766	0.1910221	0.1738431	0.2071472	0.1657731	0.1805543	0.1522031	0.1778976	0.2423735	0.1583223	0.1589994	0.1569958	0.1647497	0.1508286	0.1870502	0.1563452	0.1022586	0.2147769	0.2088191	0.2088191	0.1994561	0.2297390	0.2076997	0.2348272	0.2348272
G000204605	0.1735431	0.2076997	0.1769348	0.2366264	0.2186725	0.1700738	0.2235768	0.1670790	0.1766171	0.2193474	0.1686913	0.0000000	0.2180049	0.1741445	0.2243128	0.2039445	0.2082566	0.1833456	0.1935497	0.2154083	0.1785495	0.1989787	0.2180049	0.1966524	0.1844305	0.2476249	0.2476249	0.1989787	0.2297390	0.2221325	0.2339483	0.2357194	0.2214242	0.2093874	0.1660313	0.2313872	0.2180049	0.1795424	0.2207233	0.1769348	0.1935497	0.1957483	0.2200310	0.2099627	0.2082566	0.2154083	0.2082566	0.1741445	0.1994561	0.2111279	0.2049913	0.2348272	0.2082566	0.2029149	0.1971101	0.2093874	0.1961989	0.1778976	0.1700738	0.2123188	0.1939822	0.2281364	0.1847976	0.1657731	0.2214242	0.1989787	0.2160456	0.1753665	0.2055224	0.2071472	0.2243128	0.2258126	0.2243128	0.1747528	0.2384809	0.1822827	0.2289325	0.1766171	0.2487317	0.2099627	0.1999377	0.2024078	0.2193474	0.1851662	0.1808954	0.1918521	0.1792096	0.1980367	0.1738431	0.2055224	0.1851662	0.1910221	0.1695170	0.1910221	0.2322290	0.1684197	0.1695170	0.1744473	0.1778976	0.1729497	0.1957483	0.1642454	0.1622762	0.2129229	0.2111279	0.2088191	0.1975719	0.2221325	0.2088191	0.2243128	0.2297390
G000213055	0.2413767	0.2180049	0.2375469	0.2545965	0.2510104	0.2322290	0.2444195	0.2173446	0.2339483	0.2348272	0.2207233	0.2180049	0.0000000	0.2200310	0.2668279	0.2322290	0.2265765	0.2476249	0.2510104	0.2498611	0.2273520	0.2193474	0.2454689	0.2166915	0.2476249	0.2801958	0.2699101	0.2166915	0.2454689	0.2487317	0.2571114	0.2465364	0.2433868	0.2186725	0.2141526	0.2597338	0.2384809	0.2330827	0.2510104	0.2384809	0.2265765	0.2413767	0.2413767	0.2403950	0.2403950	0.2413767	0.2433868	0.2243128	0.2105424	0.2423735	0.2465364	0.2487317	0.2214242	0.2258126	0.2105424	0.2366264	0.2235768	0.2394298	0.2200310	0.2273520	0.2160456	0.2597338	0.2258126	0.2147769	0.2454689	0.2487317	0.2366264	0.2273520	0.2160456	0.2228496	0.2653422	0.2498611	0.2521824	0.2423735	0.2624746	0.2265765	0.2465364	0.2207233	0.2668279	0.2375469	0.2228496	0.2235768	0.2433868	0.2258126	0.2384809	0.2465364	0.2433868	0.2322290	0.2366264	0.2322290	0.2273520	0.2476249	0.2235768	0.2129229	0.2558417	0.2173446	0.2313872	0.2348272	0.2366264	0.2394298	0.2273520	0.2160456	0.2088191	0.2305572	0.2413767	0.2322290	0.2135342	0.2521824	0.2250576	0.2521824	0.2571114
G000225525	0.1741445	0.1890007	0.1692400	0.2258126	0.2207233	0.1589994	0.2200310	0.1613195	0.1596845	0.2207233	0.1630066	0.1741445	0.2200310	0.0000000	0.2339483	0.1890007	0.1953018	0.1763020	0.1886045	0.2123188	0.1557024	0.1902046	0.2173446	0.2029149	0.1750583	0.2571114	0.2444195	0.1975719	0.2357194	0.2357194	0.2305572	0.2348272	0.2273520	0.2034275	0.1634989	0.2423735	0.2123188	0.1729497	0.2193474	0.1592269	0.1870502	0.1890007	0.2135342	0.2173446	0.2141526	0.2214242	0.2099627	0.1706361	0.1882112	0.2173446	0.2180049	0.2476249	0.2105424	0.2024078	0.1948582	0.1989787	0.1980367	0.1673452	0.1639952	0.2289325	0.1874340	0.2375469	0.1769348	0.1652594	0.2273520	0.1878218	0.2173446	0.1772539	0.2004235	0.1989787	0.2207233	0.2129229	0.2433868	0.1775757	0.2366264	0.1681493	0.2297390	0.1620353	0.2584088	0.2024078	0.1994561	0.2076997	0.2082566	0.1647497	0.1822827	0.1829894	0.1662909	0.1985056	0.1723618	0.2049913	0.1630066	0.1837058	0.1637464	0.1829894	0.2433868	0.1295042	0.1686913	0.1362757	0.1639952	0.1589994	0.2004235	0.1647497	0.1620353	0.2186725	0.2147769	0.2019050	0.1961989	0.2348272	0.2154083	0.2433868	0.2313872
G000240165	0.2384809	0.2297390	0.2454689	0.2423735	0.2265765	0.2207233	0.2258126	0.2289325	0.2444195	0.2235768	0.2313872	0.2243128	0.2668279	0.2339483	0.0000000	0.2521824	0.2357194	0.2394298	0.2715112	0.2039445	0.2322290	0.2305572	0.2154083	0.2297390	0.2444195	0.2454689	0.2498611	0.2357194	0.2166915	0.2258126	0.2273520	0.2384809	0.2273520	0.2366264	0.2207233	0.2339483	0.2487317	0.2289325	0.2071472	0.2521824	0.2423735	0.2498611	0.2403950	0.2207233	0.2258126	0.2166915	0.2394298	0.2141526	0.2357194	0.2123188	0.2173446	0.2510104	0.2228496	0.2111279	0.2186725	0.2228496	0.2510104	0.2487317	0.2330827	0.2403950	0.2186725	0.2228496	0.2413767	0.2129229	0.2160456	0.2235768	0.2487317	0.2281364	0.2207233	0.2305572	0.2265765	0.2228496	0.2433868	0.2384809	0.2433868	0.2305572	0.2235768	0.2258126	0.2394298	0.2055224	0.2348272	0.2454689	0.2454689	0.2413767	0.2281364	0.2454689	0.2366264	0.2465364	0.2357194	0.2076997	0.2384809	0.2683495	0.2200310	0.2348272	0.2322290	0.2330827	0.2135342	0.2375469	0.2413767	0.2366264	0.2281364	0.2099627	0.2214242	0.2243128	0.2200310	0.2265765	0.2289325	0.2186725	0.2465364	0.2433868	0.2160456
G000242715	0.1961989	0.2273520	0.1647497	0.2533773	0.2444195	0.1999377	0.2313872	0.1953018	0.1935497	0.2403950	0.1961989	0.2039445	0.2322290	0.1890007	0.2521824	0.0000000	0.2313872	0.1944188	0.1826347	0.2394298	0.1944188	0.2066004	0.2454689	0.2366264	0.1859128	0.2731546	0.2653422	0.2289325	0.2820870	0.2558417	0.2783601	0.2558417	0.2653422	0.2207233	0.1953018	0.2715112	0.2357194	0.1961989	0.2366264	0.1902046	0.2180049	0.2105424	0.2403950	0.2313872	0.2339483	0.2394298	0.2366264	0.1980367	0.2173446	0.2348272	0.2545965	0.2715112	0.2313872	0.2250576	0.2250576	0.2265765	0.2180049	0.1906120	0.1971101	0.2476249	0.2154083	0.2584088	0.2060592	0.1926946	0.2584088	0.2129229	0.2487317	0.2135342	0.2221325	0.2258126	0.2384809	0.2348272	0.2510104	0.1975719	0.2653422	0.1931201	0.2413767	0.2044657	0.2765765	0.2281364	0.2193474	0.2366264	0.2465364	0.2071472	0.1926946	0.2088191	0.2099627	0.2193474	0.1906120	0.2357194	0.1741445	0.1975719	0.2180049	0.2105424	0.2610895	0.1971101	0.1890007	0.1874340	0.1819321	0.1922719	0.2265765	0.1994561	0.1890007	0.2413767	0.2357194	0.2250576	0.2273520	0.2668279	0.2339483	0.2510104	0.2584088
G000253235	0.2071472	0.1859128	0.1999377	0.2433868	0.2357194	0.1918521	0.2273520	0.1886045	0.2117205	0.2034275	0.1914350	0.2082566	0.2265765	0.1953018	0.2357194	0.2313872	0.0000000	0.2123188	0.2265765	0.2117205	0.2014065	0.1939822	0.2273520	0.1833456	0.2214242	0.2624746	0.2444195	0.1530046	0.2305572	0.2454689	0.2487317	0.2487317	0.2265765	0.1855388	0.1994561	0.2433868	0.2034275	0.2099627	0.2214242	0.2082566	0.1906120	0.2166915	0.1944188	0.2076997	0.2044657	0.2093874	0.2071472	0.2088191	0.1103676	0.2214242	0.2258126	0.2465364	0.2071472	0.1847976	0.1914350	0.1819321	0.2055224	0.2173446	0.1989787	0.2250576	0.1291264	0.2465364	0.2049913	0.1926946	0.2444195	0.2160456	0.2265765	0.2200310	0.2123188	0.1020469	0.2265765	0.2348272	0.2584088	0.2135342	0.2545965	0.2076997	0.2348272	0.2049913	0.2597338	0.2129229	0.1778976	0.1837058	0.1859128	0.2166915	0.2207233	0.2180049	0.2141526	0.1948582	0.2009122	0.2071472	0.2009122	0.2123188	0.1985056	0.1874340	0.2545965	0.1918521	0.1980367	0.2029149	0.2160456	0.2082566	0.1744473	0.1961989	0.2004235	0.2009122	0.2147769	0.1893984	0.1851662	0.2384809	0.1939822	0.2584088	0.2394298
G000317595	0.1655149	0.2147769	0.1314392	0.2243128	0.2186725	0.1788782	0.2160456	0.1805543	0.1684197	0.2305572	0.1815842	0.1833456	0.2476249	0.1763020	0.2394298	0.1944188	0.2123188	0.0000000	0.1763020	0.2200310	0.1692400	0.2039445	0.2339483	0.2129229	0.1778976	0.2668279	0.2638921	0.2019050	0.2597338	0.2322290	0.2423735	0.2454689	0.2521824	0.2099627	0.1802147	0.2638921	0.2250576	0.1844305	0.2265765	0.1637464	0.1994561	0.1723618	0.2297390	0.2186725	0.2235768	0.2375469	0.2147769	0.1906120	0.2099627	0.2250576	0.2339483	0.2748420	0.2193474	0.2099627	0.2117205	0.2117205	0.2066004	0.1714915	0.1837058	0.2465364	0.2066004	0.2444195	0.1851662	0.1870502	0.2558417	0.1989787	0.2413767	0.1870502	0.2123188	0.2066004	0.2235768	0.2250576	0.2510104	0.1673452	0.2545965	0.1744473	0.2413767	0.1829894	0.2638921	0.2141526	0.2055224	0.2105424	0.2221325	0.1874340	0.1738431	0.1890007	0.1837058	0.2029149	0.1256161	0.2186725	0.1660313	0.1778976	0.1840674	0.1999377	0.2521824	0.1775757	0.1785495	0.1565608	0.1670790	0.1709199	0.2049913	0.1847976	0.1763020	0.2265765	0.2330827	0.2243128	0.2221325	0.2510104	0.2207233	0.2510104	0.2394298
G000331005	0.1709199	0.2173446	0.1576545	0.2433868	0.2498611	0.1847976	0.2394298	0.1893984	0.1756774	0.2384809	0.1902046	0.1935497	0.2510104	0.1886045	0.2715112	0.1826347	0.2265765	0.1763020	0.0000000	0.2384809	0.1808954	0.2049913	0.2521824	0.2243128	0.1692400	0.2783601	0.2748420	0.2193474	0.2624746	0.2624746	0.2571114	0.2715112	0.2571114	0.2273520	0.1833456	0.2699101	0.2423735	0.1985056	0.2357194	0.1735431	0.2105424	0.1837058	0.2366264	0.2366264	0.2454689	0.2584088	0.2375469	0.1918521	0.2160456	0.2357194	0.2571114	0.2801958	0.2357194	0.2214242	0.2289325	0.2180049	0.2060592	0.1709199	0.1948582	0.2715112	0.2154083	0.2731546	0.1893984	0.1902046	0.2683495	0.2207233	0.2384809	0.1939822	0.2160456	0.2173446	0.2258126	0.2545965	0.2668279	0.1726551	0.2748420	0.1819321	0.2545965	0.1939822	0.2801958	0.2330827	0.2166915	0.2250576	0.2348272	0.1886045	0.1826347	0.1819321	0.1926946	0.2024078	0.1769348	0.2330827	0.1772539	0.1729497	0.1953018	0.2019050	0.2860478	0.1898001	0.1931201	0.1744473	0.1673452	0.1759884	0.2160456	0.1918521	0.1886045	0.2348272	0.2357194	0.2297390	0.2273520	0.2597338	0.2250576	0.2668279	0.2731546
G000342125	0.2173446	0.2123188	0.2243128	0.2281364	0.2160456	0.2082566	0.2088191	0.2123188	0.2221325	0.2273520	0.2123188	0.2154083	0.2498611	0.2123188	0.2039445	0.2394298	0.2117205	0.2200310	0.2384809	0.0000000	0.2180049	0.2186725	0.2180049	0.2076997	0.2510104	0.2610895	0.2330827	0.2034275	0.2444195	0.2200310	0.2348272	0.2258126	0.2135342	0.2160456	0.2154083	0.2375469	0.2221325	0.2147769	0.1985056	0.2200310	0.2088191	0.2521824	0.2221325	0.2024078	0.2060592	0.2123188	0.2186725	0.2154083	0.2024078	0.1878218	0.2049913	0.2403950	0.1625183	0.2014065	0.2039445	0.2099627	0.2243128	0.2348272	0.2123188	0.2313872	0.1953018	0.2265765	0.2200310	0.2071472	0.2214242	0.2348272	0.2193474	0.2160456	0.2088191	0.2135342	0.2060592	0.2147769	0.2384809	0.2214242	0.2444195	0.2214242	0.2235768	0.2135342	0.2510104	0.1364208	0.2060592	0.2180049	0.2141526	0.2297390	0.2228496	0.2313872	0.2375469	0.2180049	0.2141526	0.2009122	0.2228496	0.2357194	0.2243128	0.2049913	0.2250576	0.2105424	0.2093874	0.2135342	0.2289325	0.2193474	0.2024078	0.2071472	0.2071472	0.2221325	0.2004235	0.2082566	0.1985056	0.2235768	0.2111279	0.2384809	0.2330827
G000349325	0.1655149	0.2111279	0.1692400	0.2297390	0.2193474	0.1642454	0.2166915	0.1567776	0.1569958	0.2200310	0.1589994	0.1785495	0.2273520	0.1557024	0.2322290	0.1944188	0.2014065	0.1692400	0.1808954	0.2180049	0.0000000	0.1862883	0.2221325	0.2147769	0.1673452	0.2683495	0.2510104	0.1935497	0.2313872	0.2444195	0.2413767	0.2394298	0.2375469	0.1985056	0.1622762	0.2571114	0.2186725	0.1681493	0.2281364	0.1494897	0.1902046	0.1798778	0.2297390	0.2088191	0.2076997	0.2289325	0.2207233	0.1668154	0.2004235	0.2160456	0.2297390	0.2498611	0.2186725	0.1994561	0.2088191	0.2076997	0.2044657	0.1576545	0.1700738	0.2521824	0.1935497	0.2384809	0.1763020	0.1678791	0.2465364	0.1862883	0.2357194	0.1753665	0.1906120	0.2014065	0.2200310	0.2193474	0.2384809	0.1668154	0.2454689	0.1650039	0.2289325	0.1639952	0.2584088	0.2117205	0.1985056	0.2088191	0.2186725	0.1565608	0.1812391	0.1788782	0.1766171	0.1948582	0.1665531	0.2129229	0.1620353	0.1775757	0.1763020	0.1866679	0.2571114	0.1510219	0.1580988	0.1356991	0.1550664	0.1510219	0.1999377	0.1660313	0.1603790	0.2135342	0.2105424	0.2117205	0.2111279	0.2403950	0.2099627	0.2384809	0.2366264
G000373565	0.1826347	0.1989787	0.1914350	0.2330827	0.2250576	0.1926946	0.2180049	0.1855388	0.1914350	0.2273520	0.1882112	0.1989787	0.2193474	0.1902046	0.2305572	0.2066004	0.1939822	0.2039445	0.2049913	0.2186725	0.1862883	0.0000000	0.2348272	0.1939822	0.1953018	0.2748420	0.2465364	0.1961989	0.2413767	0.2243128	0.2413767	0.2357194	0.2322290	0.1975719	0.1910221	0.2433868	0.2180049	0.2024078	0.2250576	0.1890007	0.1870502	0.2029149	0.2099627	0.2117205	0.2066004	0.2258126	0.2105424	0.2019050	0.1971101	0.2135342	0.2366264	0.2584088	0.2105424	0.2055224	0.2049913	0.2029149	0.1922719	0.1944188	0.1886045	0.2322290	0.1922719	0.2433868	0.1844305	0.1847976	0.2413767	0.2193474	0.2123188	0.2049913	0.1994561	0.1957483	0.2111279	0.2228496	0.2498611	0.1874340	0.2558417	0.1980367	0.2348272	0.1882112	0.2624746	0.2154083	0.1961989	0.1918521	0.2180049	0.2029149	0.1966524	0.1890007	0.2039445	0.1750583	0.1948582	0.2099627	0.1893984	0.1944188	0.1939822	0.1670790	0.2638921	0.1862883	0.1914350	0.1886045	0.1862883	0.1935497	0.1957483	0.1914350	0.1808954	0.2235768	0.2076997	0.2141526	0.2039445	0.2348272	0.2009122	0.2498611	0.2348272
G000373665	0.2313872	0.2357194	0.2250576	0.2322290	0.2273520	0.2117205	0.2228496	0.2173446	0.2357194	0.2348272	0.2193474	0.2180049	0.2454689	0.2173446	0.2154083	0.2454689	0.2273520	0.2339483	0.2521824	0.2180049	0.2221325	0.2348272	0.0000000	0.2250576	0.2375469	0.2584088	0.2683495	0.2154083	0.2330827	0.2313872	0.2433868	0.2330827	0.2214242	0.2305572	0.2147769	0.2384809	0.2330827	0.2289325	0.2250576	0.2221325	0.2265765	0.2313872	0.2423735	0.2235768	0.2289325	0.2465364	0.2322290	0.2297390	0.2289325	0.2297390	0.2273520	0.2597338	0.2141526	0.2166915	0.2281364	0.2313872	0.2366264	0.2221325	0.2289325	0.2394298	0.2135342	0.2433868	0.2235768	0.2228496	0.2166915	0.2375469	0.2394298	0.2228496	0.2250576	0.2281364	0.2186725	0.2173446	0.2357194	0.2322290	0.2597338	0.2273520	0.2403950	0.2289325	0.2597338	0.2154083	0.2228496	0.2214242	0.2375469	0.2193474	0.2384809	0.2297390	0.2243128	0.2375469	0.2228496	0.2160456	0.2160456	0.2454689	0.2273520	0.2330827	0.2498611	0.2135342	0.2147769	0.2228496	0.2235768	0.2180049	0.2228496	0.2180049	0.2200310	0.2289325	0.2221325	0.2200310	0.2214242	0.2357194	0.2403950	0.2357194	0.2154083
G000375725	0.1953018	0.1538193	0.2014065	0.2166915	0.2235768	0.1931201	0.2123188	0.1882112	0.2039445	0.2014065	0.1902046	0.1966524	0.2166915	0.2029149	0.2297390	0.2366264	0.1833456	0.2129229	0.2243128	0.2076997	0.2147769	0.1939822	0.2250576	0.0000000	0.2135342	0.2584088	0.2510104	0.1822827	0.2297390	0.2066004	0.2289325	0.2228496	0.2076997	0.1826347	0.1971101	0.2330827	0.1953018	0.2173446	0.2135342	0.2014065	0.1989787	0.2123188	0.1610827	0.2029149	0.2060592	0.1999377	0.1935497	0.2093874	0.1826347	0.2009122	0.2186725	0.2330827	0.2039445	0.1948582	0.1906120	0.1918521	0.2014065	0.2060592	0.1939822	0.2066004	0.1833456	0.2289325	0.2019050	0.1874340	0.2330827	0.2228496	0.1953018	0.2071472	0.1914350	0.1819321	0.2141526	0.2135342	0.2394298	0.1985056	0.2281364	0.2055224	0.2297390	0.1994561	0.2339483	0.2076997	0.1822827	0.1874340	0.2044657	0.2111279	0.2154083	0.2060592	0.2066004	0.1953018	0.2055224	0.2076997	0.2004235	0.2060592	0.1910221	0.1874340	0.2330827	0.2034275	0.1957483	0.2049913	0.2060592	0.2019050	0.1798778	0.1840674	0.1944188	0.1980367	0.2019050	0.1957483	0.1795424	0.2281364	0.1275209	0.2394298	0.2180049
G000376565	0.1632514	0.2105424	0.1775757	0.2243128	0.2235768	0.1844305	0.2221325	0.1744473	0.1660313	0.2444195	0.1750583	0.1844305	0.2476249	0.1750583	0.2444195	0.1859128	0.2214242	0.1778976	0.1692400	0.2510104	0.1673452	0.1953018	0.2375469	0.2135342	0.0000000	0.2924965	0.2820870	0.2135342	0.2624746	0.2510104	0.2668279	0.2521824	0.2498611	0.2160456	0.1700738	0.2610895	0.2444195	0.1747528	0.2313872	0.1565608	0.2093874	0.1840674	0.2281364	0.2221325	0.2193474	0.2313872	0.2339483	0.1802147	0.2076997	0.2375469	0.2558417	0.2715112	0.2305572	0.2250576	0.2265765	0.2265765	0.2117205	0.1603790	0.1826347	0.2433868	0.2180049	0.2584088	0.1738431	0.1802147	0.2668279	0.1953018	0.2545965	0.1931201	0.2200310	0.2154083	0.2258126	0.2265765	0.2820870	0.1639952	0.2881256	0.1637464	0.2545965	0.1855388	0.2765765	0.2403950	0.2105424	0.2071472	0.2444195	0.1844305	0.1678791	0.1772539	0.1855388	0.2076997	0.1769348	0.2273520	0.1650039	0.1720699	0.1882112	0.1985056	0.2683495	0.1732457	0.1778976	0.1622762	0.1561296	0.1695170	0.2141526	0.1732457	0.1714915	0.2384809	0.2273520	0.2339483	0.2243128	0.2638921	0.2265765	0.2820870	0.2498611
G000380165	0.2653422	0.2597338	0.2487317	0.2801958	0.2765765	0.2584088	0.2715112	0.2533773	0.2653422	0.2731546	0.2571114	0.2476249	0.2801958	0.2571114	0.2454689	0.2731546	0.2624746	0.2668279	0.2783601	0.2610895	0.2683495	0.2748420	0.2584088	0.2584088	0.2924965	0.0000000	0.2902740	0.2624746	0.2731546	0.2413767	0.2683495	0.2533773	0.2498611	0.2638921	0.2521824	0.2533773	0.2699101	0.2748420	0.2668279	0.2683495	0.2597338	0.2840371	0.2840371	0.2638921	0.2498611	0.2584088	0.2653422	0.2597338	0.2510104	0.2584088	0.2330827	0.2715112	0.2668279	0.2510104	0.2597338	0.2510104	0.2638921	0.2715112	0.2715112	0.2765765	0.2521824	0.2653422	0.2765765	0.2423735	0.2715112	0.2715112	0.2881256	0.2610895	0.2584088	0.2571114	0.2558417	0.2715112	0.2748420	0.2715112	0.2668279	0.2683495	0.2731546	0.2597338	0.2820870	0.2510104	0.2521824	0.2584088	0.2683495	0.2610895	0.2638921	0.2715112	0.2571114	0.2668279	0.2638921	0.2465364	0.2571114	0.2801958	0.2433868	0.2521824	0.2699101	0.2533773	0.2476249	0.2653422	0.2584088	0.2571114	0.2498611	0.2487317	0.2597338	0.2699101	0.2638921	0.2668279	0.2510104	0.2653422	0.2881256	0.2748420	0.2571114
G000381025	0.2668279	0.2476249	0.2558417	0.2715112	0.2610895	0.2487317	0.2624746	0.2465364	0.2610895	0.2638921	0.2487317	0.2476249	0.2699101	0.2444195	0.2498611	0.2653422	0.2444195	0.2638921	0.2748420	0.2330827	0.2510104	0.2465364	0.2683495	0.2510104	0.2820870	0.2902740	0.0000000	0.2571114	0.2147769	0.2289325	0.2545965	0.2305572	0.2221325	0.2571114	0.2454689	0.2498611	0.2683495	0.2584088	0.2465364	0.2653422	0.2610895	0.2715112	0.2584088	0.2533773	0.2487317	0.2423735	0.2610895	0.2584088	0.2357194	0.2403950	0.2433868	0.2444195	0.2498611	0.2487317	0.2305572	0.2638921	0.2783601	0.2801958	0.2510104	0.2487317	0.2403950	0.2135342	0.2558417	0.2357194	0.2801958	0.2668279	0.2584088	0.2498611	0.2330827	0.2498611	0.2558417	0.2571114	0.2221325	0.2638921	0.2571114	0.2624746	0.2476249	0.2545965	0.2571114	0.2366264	0.2521824	0.2597338	0.2683495	0.2731546	0.2668279	0.2765765	0.2801958	0.2610895	0.2545965	0.2403950	0.2610895	0.2610895	0.2545965	0.2465364	0.2487317	0.2454689	0.2545965	0.2545965	0.2571114	0.2699101	0.2444195	0.2433868	0.2384809	0.2584088	0.2533773	0.2584088	0.2423735	0.2135342	0.2584088	0.2221325	0.2610895
G000384175	0.1975719	0.1829894	0.2039445	0.2281364	0.2214242	0.1966524	0.2186725	0.1957483	0.1910221	0.2029149	0.1985056	0.1989787	0.2166915	0.1975719	0.2357194	0.2289325	0.1530046	0.2019050	0.2193474	0.2034275	0.1935497	0.1961989	0.2154083	0.1822827	0.2135342	0.2624746	0.2571114	0.0000000	0.2366264	0.2297390	0.2339483	0.2313872	0.2200310	0.1703536	0.1944188	0.2297390	0.1926946	0.1939822	0.2173446	0.1966524	0.1922719	0.2105424	0.1859128	0.1971101	0.2019050	0.2060592	0.1882112	0.1935497	0.1546472	0.2173446	0.2243128	0.2584088	0.1944188	0.1819321	0.1926946	0.1840674	0.2039445	0.2034275	0.1989787	0.2105424	0.1620353	0.2584088	0.1944188	0.1886045	0.2384809	0.2117205	0.2044657	0.2071472	0.2014065	0.1518063	0.2076997	0.2160456	0.2394298	0.2004235	0.2403950	0.2034275	0.2357194	0.1957483	0.2476249	0.2034275	0.1706361	0.1855388	0.2004235	0.2004235	0.2147769	0.2066004	0.2009122	0.1953018	0.2024078	0.2014065	0.1975719	0.2071472	0.1939822	0.1870502	0.2454689	0.1898001	0.1914350	0.1961989	0.2066004	0.1948582	0.1589994	0.1953018	0.1971101	0.1975719	0.2024078	0.1851662	0.1782235	0.2330827	0.1935497	0.2394298	0.2357194
G000424785	0.2510104	0.2394298	0.2510104	0.2375469	0.2330827	0.2330827	0.2375469	0.2166915	0.2384809	0.2653422	0.2228496	0.2297390	0.2454689	0.2357194	0.2166915	0.2820870	0.2305572	0.2597338	0.2624746	0.2444195	0.2313872	0.2413767	0.2330827	0.2297390	0.2624746	0.2731546	0.2147769	0.2366264	0.0000000	0.2141526	0.2235768	0.2135342	0.2093874	0.2444195	0.2322290	0.2221325	0.2465364	0.2597338	0.2366264	0.2465364	0.2394298	0.2653422	0.2510104	0.2394298	0.2366264	0.2348272	0.2558417	0.2297390	0.2273520	0.2339483	0.2180049	0.2366264	0.2339483	0.2433868	0.2154083	0.2384809	0.2498611	0.2521824	0.2357194	0.2366264	0.2281364	0.1815842	0.2375469	0.2273520	0.2423735	0.2413767	0.2545965	0.2444195	0.2444195	0.2423735	0.2339483	0.2339483	0.2135342	0.2558417	0.2366264	0.2366264	0.2348272	0.2423735	0.2384809	0.2297390	0.2339483	0.2433868	0.2454689	0.2545965	0.2571114	0.2558417	0.2510104	0.2366264	0.2476249	0.2228496	0.2510104	0.2558417	0.2403950	0.2476249	0.2433868	0.2384809	0.2339483	0.2498611	0.2433868	0.2357194	0.2423735	0.2186725	0.2235768	0.2558417	0.2384809	0.2330827	0.2273520	0.1520034	0.2444195	0.2135342	0.2394298
G000424825	0.2289325	0.2141526	0.2330827	0.2384809	0.2214242	0.2305572	0.2289325	0.2243128	0.2384809	0.2348272	0.2305572	0.2221325	0.2487317	0.2357194	0.2258126	0.2558417	0.2454689	0.2322290	0.2624746	0.2200310	0.2444195	0.2243128	0.2313872	0.2066004	0.2510104	0.2413767	0.2289325	0.2297390	0.2141526	0.0000000	0.2123188	0.2093874	0.1935497	0.2289325	0.2305572	0.2214242	0.2423735	0.2487317	0.2322290	0.2403950	0.2322290	0.2357194	0.2330827	0.2166915	0.2243128	0.2186725	0.2366264	0.2444195	0.2289325	0.2235768	0.1985056	0.2339483	0.2243128	0.2366264	0.2305572	0.2235768	0.2384809	0.2476249	0.2273520	0.2228496	0.2250576	0.2154083	0.2423735	0.2123188	0.2348272	0.2533773	0.2403950	0.2384809	0.2207233	0.2384809	0.2243128	0.2258126	0.2228496	0.2339483	0.2330827	0.2413767	0.2221325	0.2313872	0.2357194	0.2129229	0.2235768	0.2413767	0.2403950	0.2403950	0.2375469	0.2394298	0.2403950	0.2375469	0.2357194	0.2088191	0.2433868	0.2476249	0.2250576	0.2235768	0.2366264	0.2235768	0.2433868	0.2313872	0.2444195	0.2403950	0.2243128	0.2093874	0.2154083	0.2273520	0.2154083	0.2322290	0.2154083	0.2049913	0.2289325	0.2228496	0.2265765
G000424845	0.2498611	0.2289325	0.2413767	0.2487317	0.2297390	0.2265765	0.2375469	0.2281364	0.2454689	0.2533773	0.2289325	0.2339483	0.2571114	0.2305572	0.2273520	0.2783601	0.2487317	0.2423735	0.2571114	0.2348272	0.2413767	0.2413767	0.2433868	0.2289325	0.2668279	0.2683495	0.2545965	0.2339483	0.2235768	0.2123188	0.0000000	0.2154083	0.2193474	0.2403950	0.2375469	0.2258126	0.2454689	0.2465364	0.2339483	0.2465364	0.2348272	0.2624746	0.2384809	0.2273520	0.2423735	0.2394298	0.2339483	0.2476249	0.2423735	0.2348272	0.2093874	0.2476249	0.2348272	0.2498611	0.2258126	0.2322290	0.2597338	0.2521824	0.2265765	0.2454689	0.2281364	0.2250576	0.2444195	0.2289325	0.2403950	0.2403950	0.2521824	0.2366264	0.2330827	0.2366264	0.2322290	0.2375469	0.2305572	0.2571114	0.2243128	0.2521824	0.2403950	0.2375469	0.2533773	0.2265765	0.2313872	0.2476249	0.2454689	0.2533773	0.2558417	0.2638921	0.2487317	0.2487317	0.2322290	0.2228496	0.2454689	0.2597338	0.2297390	0.2413767	0.2305572	0.2394298	0.2454689	0.2444195	0.2545965	0.2384809	0.2221325	0.2273520	0.2339483	0.2498611	0.2273520	0.2454689	0.2394298	0.2289325	0.2444195	0.2305572	0.2384809
G000424965	0.2403950	0.2297390	0.2384809	0.2444195	0.2273520	0.2313872	0.2403950	0.2394298	0.2384809	0.2584088	0.2444195	0.2357194	0.2465364	0.2348272	0.2384809	0.2558417	0.2487317	0.2454689	0.2715112	0.2258126	0.2394298	0.2357194	0.2330827	0.2228496	0.2521824	0.2533773	0.2305572	0.2313872	0.2135342	0.2093874	0.2154083	0.0000000	0.2060592	0.2228496	0.2366264	0.2193474	0.2413767	0.2423735	0.2403950	0.2375469	0.2313872	0.2498611	0.2487317	0.2339483	0.2258126	0.2297390	0.2384809	0.2444195	0.2258126	0.2235768	0.2123188	0.2375469	0.2207233	0.2444195	0.2214242	0.2375469	0.2444195	0.2465364	0.2423735	0.2384809	0.2339483	0.2111279	0.2423735	0.2123188	0.2510104	0.2510104	0.2465364	0.2394298	0.2258126	0.2384809	0.2348272	0.2281364	0.1528035	0.2487317	0.2330827	0.2521824	0.2330827	0.2433868	0.2487317	0.2214242	0.2258126	0.2384809	0.2394298	0.2487317	0.2498611	0.2545965	0.2584088	0.2366264	0.2413767	0.2193474	0.2423735	0.2597338	0.2348272	0.2384809	0.2384809	0.2289325	0.2281364	0.2384809	0.2454689	0.2313872	0.2357194	0.2297390	0.2413767	0.2521824	0.2313872	0.2413767	0.2313872	0.2082566	0.2384809	0.1528035	0.2545965
G000426325	0.2384809	0.2173446	0.2366264	0.2348272	0.2273520	0.2193474	0.2258126	0.2117205	0.2305572	0.2413767	0.2135342	0.2214242	0.2433868	0.2273520	0.2273520	0.2653422	0.2265765	0.2521824	0.2571114	0.2135342	0.2375469	0.2322290	0.2214242	0.2076997	0.2498611	0.2498611	0.2221325	0.2200310	0.2093874	0.1935497	0.2193474	0.2060592	0.0000000	0.2313872	0.2200310	0.1338679	0.2339483	0.2330827	0.2228496	0.2394298	0.2273520	0.2624746	0.2250576	0.2147769	0.2180049	0.2193474	0.2305572	0.2394298	0.2186725	0.2173446	0.1980367	0.2258126	0.2099627	0.2193474	0.2180049	0.2313872	0.2384809	0.2444195	0.2076997	0.2375469	0.2147769	0.2123188	0.2348272	0.2055224	0.2322290	0.2403950	0.2571114	0.2330827	0.2289325	0.2221325	0.2180049	0.2348272	0.2099627	0.2476249	0.2235768	0.2357194	0.2129229	0.2186725	0.2339483	0.2105424	0.2207233	0.2348272	0.2403950	0.2433868	0.2403950	0.2521824	0.2339483	0.2289325	0.2297390	0.2066004	0.2348272	0.2545965	0.2193474	0.2228496	0.2330827	0.2297390	0.2173446	0.2322290	0.2487317	0.2305572	0.2105424	0.2154083	0.2088191	0.2394298	0.2154083	0.2250576	0.2129229	0.2060592	0.2250576	0.2099627	0.2313872
G000429085	0.1939822	0.1874340	0.2066004	0.2265765	0.2221325	0.2055224	0.2123188	0.1926946	0.2055224	0.2024078	0.1966524	0.2093874	0.2186725	0.2034275	0.2366264	0.2207233	0.1855388	0.2099627	0.2273520	0.2160456	0.1985056	0.1975719	0.2305572	0.1826347	0.2160456	0.2638921	0.2571114	0.1703536	0.2444195	0.2289325	0.2403950	0.2228496	0.2313872	0.0000000	0.1975719	0.2476249	0.1971101	0.2060592	0.2173446	0.2019050	0.2004235	0.2093874	0.1910221	0.2066004	0.2060592	0.2154083	0.1882112	0.2014065	0.1859128	0.2039445	0.2250576	0.2521824	0.2082566	0.1989787	0.1957483	0.1893984	0.2076997	0.2039445	0.1994561	0.2173446	0.1829894	0.2384809	0.2044657	0.1961989	0.2433868	0.2265765	0.2004235	0.2173446	0.2111279	0.1874340	0.2055224	0.2228496	0.2250576	0.1980367	0.2476249	0.2123188	0.2444195	0.2024078	0.2715112	0.2193474	0.1775757	0.1890007	0.1948582	0.2088191	0.2135342	0.2049913	0.2141526	0.1935497	0.2039445	0.2049913	0.2123188	0.2093874	0.2049913	0.1926946	0.2510104	0.2034275	0.2099627	0.1902046	0.1971101	0.2055224	0.1788782	0.2029149	0.1948582	0.2004235	0.2039445	0.1918521	0.1971101	0.2313872	0.1855388	0.2250576	0.2413767
G000444875	0.1620353	0.1994561	0.1759884	0.2339483	0.2186725	0.1610827	0.2166915	0.1574348	0.1610827	0.2154083	0.1608473	0.1660313	0.2141526	0.1634989	0.2207233	0.1953018	0.1994561	0.1802147	0.1833456	0.2154083	0.1622762	0.1910221	0.2147769	0.1971101	0.1700738	0.2521824	0.2454689	0.1944188	0.2322290	0.2305572	0.2375469	0.2366264	0.2200310	0.1975719	0.0000000	0.2423735	0.2200310	0.1278872	0.2071472	0.1534107	0.1851662	0.1939822	0.2186725	0.2009122	0.2049913	0.2160456	0.2154083	0.1342840	0.1918521	0.2060592	0.2180049	0.2444195	0.2044657	0.1893984	0.1910221	0.1971101	0.1966524	0.1634989	0.1681493	0.2193474	0.1822827	0.2322290	0.1652594	0.1375997	0.2403950	0.1465551	0.2173446	0.1747528	0.2004235	0.1966524	0.2173446	0.2147769	0.2357194	0.1644969	0.2339483	0.1444608	0.2297390	0.1606118	0.2597338	0.1975719	0.1971101	0.2009122	0.2055224	0.1657731	0.1837058	0.1939822	0.1717807	0.2009122	0.1709199	0.1994561	0.1572141	0.1829894	0.1662909	0.1906120	0.2498611	0.1550664	0.1269178	0.1544396	0.1625183	0.1617958	0.1926946	0.1506343	0.1538193	0.2088191	0.2014065	0.2014065	0.2004235	0.2289325	0.2039445	0.2357194	0.2258126
