53
G000007745	0.0	0.3169477686964359	0.28403705611170943	0.24653640027767587	0.3169477686964359	0.28812564029324994	0.28812564029324994	0.31373193148001866	0.33588342363246515	0.29479823755555046	0.3106659991430135	0.2801958129262342	0.28812564029324994	0.2444194986283164	0.3169477686964359	0.2996674483382237	0.2820870274473271	0.2924965377783548	0.2996674483382237	0.29718727553283053	0.3106659991430135	0.32032765459644164	0.30773764412939153	0.32389069425461553	0.3276549144508834	0.29718727553283053	0.30773764412939153	0.2996674483382237	0.33588342363246515	0.3169477686964359	0.32032765459644164	0.3276549144508834	0.3276549144508834	0.3169477686964359	0.32389069425461553	0.32032765459644164	0.33588342363246515	0.24137670742214845	0.28604781058084794	0.2996674483382237	0.29027403426670284	0.32389069425461553	0.2820870274473271	0.2801958129262342	0.3049347968005296	0.27836008247293903	0.3049347968005296	0.3049347968005296	0.32032765459644164	0.27836008247293903	0.3049347968005296	0.2996674483382237	0.011914030321439038
G000007945	0.3169477686964359	0.0	0.2545965262129878	0.3276549144508834	0.3169477686964359	0.28403705611170943	0.2996674483382237	0.2924965377783548	0.331643501310515	0.31373193148001866	0.26991005616576047	0.28604781058084794	0.29479823755555046	0.3022471188556466	0.28604781058084794	0.31373193148001866	0.2820870274473271	0.29479823755555046	0.31373193148001866	0.28812564029324994	0.29718727553283053	0.28604781058084794	0.28812564029324994	0.3022471188556466	0.3106659991430135	0.29479823755555046	0.2801958129262342	0.3022471188556466	0.33588342363246515	0.33588342363246515	0.32389069425461553	0.33588342363246515	0.33588342363246515	0.34525307337277605	0.33588342363246515	0.34040718308838414	0.36899799538875855	0.33588342363246515	0.29718727553283053	0.31373193148001866	0.3022471188556466	0.3049347968005296	0.29027403426670284	0.32032765459644164	0.31373193148001866	0.32032765459644164	0.2820870274473271	0.29718727553283053	0.3276549144508834	0.28604781058084794	0.2801958129262342	0.2820870274473271	0.30773764412939153
G000015885	0.28403705611170943	0.2545965262129878	0.0	0.29027403426670284	0.32032765459644164	0.24237348254622648	0.2801958129262342	0.24986112559927015	0.3169477686964359	0.31373193148001866	0.25711143327125874	0.29479823755555046	0.2924965377783548	0.32032765459644164	0.2597337642165006	0.2996674483382237	0.23942977993725656	0.2996674483382237	0.2996674483382237	0.25337727496771145	0.2597337642165006	0.24873173960440456	0.25337727496771145	0.2765765491958868	0.25711143327125874	0.2653421900839795	0.24546887929073957	0.29718727553283053	0.32032765459644164	0.331643501310515	0.3169477686964359	0.32032765459644164	0.32032765459644164	0.32389069425461553	0.3276549144508834	0.3169477686964359	0.34525307337277605	0.331643501310515	0.28604781058084794	0.3049347968005296	0.28812564029324994	0.2715111677956824	0.28604781058084794	0.3022471188556466	0.2924965377783548	0.3049347968005296	0.24653640027767587	0.26389207279748966	0.3276549144508834	0.29479823755555046	0.24986112559927015	0.24873173960440456	0.2820870274473271
G000017245	0.24653640027767587	0.3276549144508834	0.29027403426670284	0.0	0.331643501310515	0.32032765459644164	0.3049347968005296	0.33588342363246515	0.34040718308838414	0.2996674483382237	0.3276549144508834	0.32389069425461553	0.3276549144508834	0.2996674483382237	0.3276549144508834	0.3022471188556466	0.331643501310515	0.2924965377783548	0.3022471188556466	0.32389069425461553	0.34040718308838414	0.331643501310515	0.32389069425461553	0.3504702783083232	0.33588342363246515	0.331643501310515	0.32032765459644164	0.31373193148001866	0.3561146051231944	0.3504702783083232	0.331643501310515	0.331643501310515	0.3504702783083232	0.34525307337277605	0.36226032139107867	0.34525307337277605	0.331643501310515	0.29027403426670284	0.30773764412939153	0.29718727553283053	0.3106659991430135	0.331643501310515	0.3106659991430135	0.2715111677956824	0.32032765459644164	0.2765765491958868	0.32389069425461553	0.33588342363246515	0.34040718308838414	0.32389069425461553	0.32389069425461553	0.32389069425461553	0.22505759462756314
G000019405	0.3169477686964359	0.3169477686964359	0.32032765459644164	0.331643501310515	0.0	0.32032765459644164	0.2801958129262342	0.30773764412939153	0.28812564029324994	0.30773764412939153	0.3169477686964359	0.29718727553283053	0.3022471188556466	0.3022471188556466	0.28604781058084794	0.24986112559927015	0.1948582451298305	0.31373193148001866	0.24986112559927015	0.32389069425461553	0.3022471188556466	0.32389069425461553	0.3169477686964359	0.34040718308838414	0.331643501310515	0.19312010951821618	0.31373193148001866	0.3022471188556466	0.2996674483382237	0.3106659991430135	0.31373193148001866	0.3106659991430135	0.29479823755555046	0.28604781058084794	0.3169477686964359	0.3169477686964359	0.36899799538875855	0.32032765459644164	0.28403705611170943	0.28604781058084794	0.28604781058084794	0.27484196684537837	0.2996674483382237	0.3276549144508834	0.29479823755555046	0.33588342363246515	0.31373193148001866	0.331643501310515	0.31373193148001866	0.29718727553283053	0.31373193148001866	0.3169477686964359	0.3106659991430135
G000021885	0.28812564029324994	0.28403705611170943	0.24237348254622648	0.32032765459644164	0.32032765459644164	0.0	0.2731545668227686	0.02667882997935473	0.3049347968005296	0.28604781058084794	0.26682794331323434	0.27836008247293903	0.27484196684537837	0.31373193148001866	0.24762491944345802	0.29027403426670284	0.25218239713973195	0.3049347968005296	0.29027403426670284	0.016465526937708842	0.037804371489497175	0.031988166112000144	0.039320979734707676	0.0446316333956211	0.04221086376608489	0.2545965262129878	0.0304114197635588	0.29027403426670284	0.32389069425461553	0.34040718308838414	0.32389069425461553	0.3276549144508834	0.3276549144508834	0.3276549144508834	0.32032765459644164	0.32389069425461553	0.3764506193583299	0.33588342363246515	0.27484196684537837	0.28604781058084794	0.27836008247293903	0.25337727496771145	0.28812564029324994	0.3049347968005296	0.3022471188556466	0.3106659991430135	0.028948248466250597	0.25101038204265297	0.31373193148001866	0.27836008247293903	0.029510644895317982	0.03098460704596221	0.29027403426670284
G000027305	0.28812564029324994	0.2996674483382237	0.2801958129262342	0.3049347968005296	0.2801958129262342	0.2731545668227686	0.0	0.2765765491958868	0.34525307337277605	0.28812564029324994	0.24653640027767587	0.19993766487023476	0.19574829894890117	0.2731545668227686	0.28812564029324994	0.2924965377783548	0.30773764412939153	0.22657648943489755	0.2924965377783548	0.2731545668227686	0.29027403426670284	0.29718727553283053	0.28403705611170943	0.29027403426670284	0.29718727553283053	0.2924965377783548	0.27836008247293903	0.29479823755555046	0.34040718308838414	0.331643501310515	0.32389069425461553	0.3276549144508834	0.34525307337277605	0.34040718308838414	0.331643501310515	0.331643501310515	0.36226032139107867	0.32032765459644164	0.026531909506584305	0.28403705611170943	0.02660951059891218	0.3106659991430135	0.1966524080780005	0.2653421900839795	0.026861432764275606	0.28403705611170943	0.27836008247293903	0.2996674483382237	0.33588342363246515	0.19993766487023476	0.2801958129262342	0.2801958129262342	0.28604781058084794
G000172375	0.31373193148001866	0.2924965377783548	0.24986112559927015	0.33588342363246515	0.30773764412939153	0.02667882997935473	0.2765765491958868	0.0	0.3504702783083232	0.3106659991430135	0.2683495390574761	0.28812564029324994	0.2820870274473271	0.3169477686964359	0.2545965262129878	0.3106659991430135	0.26108945054196464	0.3106659991430135	0.31373193148001866	0.023810181801651897	0.043606997069942796	0.03734492030164607	0.04384052194337669	0.04476006352407212	0.04121741801485851	0.25218239713973195	0.03653268552214882	0.3022471188556466	0.3504702783083232	0.3561146051231944	0.34525307337277605	0.34525307337277605	0.36226032139107867	0.36226032139107867	0.34525307337277605	0.3561146051231944	0.36226032139107867	0.33588342363246515	0.2801958129262342	0.30773764412939153	0.2820870274473271	0.2558416733307445	0.28812564029324994	0.31373193148001866	0.2924965377783548	0.34525307337277605	0.03616519994393231	0.2545965262129878	0.3504702783083232	0.28812564029324994	0.036360624013166754	0.036743013204183106	0.32032765459644164
G000209675	0.33588342363246515	0.331643501310515	0.3169477686964359	0.34040718308838414	0.28812564029324994	0.3049347968005296	0.34525307337277605	0.3504702783083232	0.0	0.20769970560970222	0.27836008247293903	0.32032765459644164	0.3276549144508834	0.34040718308838414	0.31373193148001866	0.21540830420900098	0.30773764412939153	0.3504702783083232	0.21540830420900098	0.3106659991430135	0.3106659991430135	0.31373193148001866	0.331643501310515	0.33588342363246515	0.3276549144508834	0.3169477686964359	0.30773764412939153	0.32032765459644164	0.024952003328932534	0.029742838272920263	0.027416976056660824	0.025262009308733836	0.023227699415896634	0.02479032990778892	0.025608979139375116	0.02370964678455626	0.3561146051231944	0.28812564029324994	0.3561146051231944	0.22213253749827977	0.36226032139107867	0.2924965377783548	0.32032765459644164	0.33588342363246515	0.3561146051231944	0.34040718308838414	0.2996674483382237	0.331643501310515	0.02928996137801474	0.32032765459644164	0.3049347968005296	0.30773764412939153	0.33588342363246515
G000221945	0.29479823755555046	0.31373193148001866	0.31373193148001866	0.2996674483382237	0.30773764412939153	0.28604781058084794	0.28812564029324994	0.3106659991430135	0.20769970560970222	0.0	0.2801958129262342	0.28812564029324994	0.29479823755555046	0.2820870274473271	0.29718727553283053	0.022904098710628453	0.3106659991430135	0.28403705611170943	0.022956475841941878	0.28403705611170943	0.3022471188556466	0.3049347968005296	0.29479823755555046	0.30773764412939153	0.331643501310515	0.2996674483382237	0.28812564029324994	0.28812564029324994	0.2123188014747317	0.29479823755555046	0.23848088447154453	0.24873173960440456	0.19574829894890117	0.19803666198016007	0.23308270492107322	0.22142421109400806	0.36899799538875855	0.26389207279748966	0.2801958129262342	0.025550829289597496	0.2820870274473271	0.3049347968005296	0.2820870274473271	0.3022471188556466	0.2996674483382237	0.3049347968005296	0.28604781058084794	0.29718727553283053	0.24137670742214845	0.28812564029324994	0.28812564029324994	0.28403705611170943	0.2924965377783548
G000238795	0.3106659991430135	0.26991005616576047	0.25711143327125874	0.3276549144508834	0.3169477686964359	0.26682794331323434	0.24653640027767587	0.2683495390574761	0.27836008247293903	0.2801958129262342	0.0	0.21415261469809568	0.2117204608762137	0.26389207279748966	0.27484196684537837	0.3106659991430135	0.25218239713973195	0.3022471188556466	0.3106659991430135	0.26682794331323434	0.26682794331323434	0.26389207279748966	0.2653421900839795	0.27484196684537837	0.2801958129262342	0.2765765491958868	0.2597337642165006	0.29479823755555046	0.3169477686964359	0.32389069425461553	0.3169477686964359	0.3169477686964359	0.32032765459644164	0.2765765491958868	0.32032765459644164	0.2715111677956824	0.36226032139107867	0.28403705611170943	0.24039503369398013	0.30773764412939153	0.24237348254622648	0.2996674483382237	0.21353419835850074	0.29718727553283053	0.2597337642165006	0.32032765459644164	0.26108945054196464	0.2820870274473271	0.3169477686964359	0.21477686769367976	0.26247455270352615	0.26389207279748966	0.31373193148001866
G000259485	0.2801958129262342	0.28604781058084794	0.29479823755555046	0.32389069425461553	0.29718727553283053	0.27836008247293903	0.19993766487023476	0.28812564029324994	0.32032765459644164	0.28812564029324994	0.21415261469809568	0.0	0.010206636305939152	0.25101038204265297	0.28403705611170943	0.29479823755555046	0.2801958129262342	0.23848088447154453	0.29479823755555046	0.2820870274473271	0.2801958129262342	0.28604781058084794	0.2765765491958868	0.2820870274473271	0.3022471188556466	0.29027403426670284	0.2715111677956824	0.28604781058084794	0.331643501310515	0.331643501310515	0.32389069425461553	0.32032765459644164	0.33588342363246515	0.34525307337277605	0.331643501310515	0.3276549144508834	0.3561146051231944	0.31373193148001866	0.20446571368220878	0.28604781058084794	0.20605924898358907	0.32032765459644164	0.057559926102829735	0.2117204608762137	0.2093873845977167	0.2765765491958868	0.2715111677956824	0.28604781058084794	0.331643501310515	0.00019406110430956238	0.2731545668227686	0.2731545668227686	0.2765765491958868
G000261285	0.28812564029324994	0.29479823755555046	0.2924965377783548	0.3276549144508834	0.3022471188556466	0.27484196684537837	0.19574829894890117	0.2820870274473271	0.3276549144508834	0.29479823755555046	0.2117204608762137	0.010206636305939152	0.0	0.24762491944345802	0.28403705611170943	0.2924965377783548	0.2765765491958868	0.23662644399026972	0.2924965377783548	0.2765765491958868	0.2801958129262342	0.28403705611170943	0.27484196684537837	0.2820870274473271	0.29718727553283053	0.2820870274473271	0.26991005616576047	0.2801958129262342	0.33588342363246515	0.34040718308838414	0.331643501310515	0.3276549144508834	0.3504702783083232	0.3504702783083232	0.34040718308838414	0.33588342363246515	0.36899799538875855	0.31373193148001866	0.19711007399609232	0.28403705611170943	0.19850559761578662	0.32389069425461553	0.05624829128223176	0.218672529555001	0.2029148766575945	0.2715111677956824	0.26991005616576047	0.28403705611170943	0.331643501310515	0.010270400864115565	0.2715111677956824	0.2715111677956824	0.2820870274473271
G000262245	0.2444194986283164	0.3022471188556466	0.32032765459644164	0.2996674483382237	0.3022471188556466	0.31373193148001866	0.2731545668227686	0.3169477686964359	0.34040718308838414	0.2820870274473271	0.26389207279748966	0.25101038204265297	0.24762491944345802	0.0	0.30773764412939153	0.2801958129262342	0.30773764412939153	0.26247455270352615	0.27836008247293903	0.3106659991430135	0.3276549144508834	0.3106659991430135	0.3169477686964359	0.3169477686964359	0.3169477686964359	0.3169477686964359	0.2996674483382237	0.2765765491958868	0.3504702783083232	0.34040718308838414	0.331643501310515	0.331643501310515	0.3561146051231944	0.34040718308838414	0.34040718308838414	0.34525307337277605	0.36899799538875855	0.3106659991430135	0.24986112559927015	0.2715111677956824	0.25101038204265297	0.36899799538875855	0.2731545668227686	0.2765765491958868	0.27836008247293903	0.3022471188556466	0.30773764412939153	0.3106659991430135	0.34525307337277605	0.24653640027767587	0.3106659991430135	0.3106659991430135	0.24137670742214845
G000347595	0.3169477686964359	0.28604781058084794	0.2597337642165006	0.3276549144508834	0.28604781058084794	0.24762491944345802	0.28812564029324994	0.2545965262129878	0.31373193148001866	0.29718727553283053	0.27484196684537837	0.28403705611170943	0.28403705611170943	0.30773764412939153	0.0	0.2996674483382237	0.19711007399609232	0.30773764412939153	0.2996674483382237	0.25711143327125874	0.24137670742214845	0.24653640027767587	0.26389207279748966	0.2765765491958868	0.27484196684537837	0.016385799825141267	0.24237348254622648	0.3276549144508834	0.3022471188556466	0.331643501310515	0.32389069425461553	0.32389069425461553	0.32389069425461553	0.34040718308838414	0.30773764412939153	0.34040718308838414	0.3504702783083232	0.3276549144508834	0.28604781058084794	0.2996674483382237	0.2924965377783548	0.2715111677956824	0.2996674483382237	0.30773764412939153	0.3022471188556466	0.33588342363246515	0.24873173960440456	0.017973350814134283	0.3169477686964359	0.28403705611170943	0.25101038204265297	0.24986112559927015	0.31373193148001866
G000348525	0.2996674483382237	0.31373193148001866	0.2996674483382237	0.3022471188556466	0.24986112559927015	0.29027403426670284	0.2924965377783548	0.3106659991430135	0.21540830420900098	0.022904098710628453	0.3106659991430135	0.29479823755555046	0.2924965377783548	0.2801958129262342	0.2996674483382237	0.0	0.3022471188556466	0.2996674483382237	0.0006589243694668356	0.28812564029324994	0.2996674483382237	0.30773764412939153	0.2924965377783548	0.3049347968005296	0.33588342363246515	0.29718727553283053	0.2924965377783548	0.2820870274473271	0.22284960942422377	0.28403705611170943	0.26389207279748966	0.26247455270352615	0.19993766487023476	0.2123188014747317	0.21800490608085682	0.2123188014747317	0.36899799538875855	0.28604781058084794	0.29479823755555046	0.014085034732781661	0.29718727553283053	0.2996674483382237	0.29027403426670284	0.3022471188556466	0.3049347968005296	0.2996674483382237	0.28812564029324994	0.29718727553283053	0.25337727496771145	0.29479823755555046	0.29027403426670284	0.29027403426670284	0.29479823755555046
G000376645	0.2820870274473271	0.2820870274473271	0.23942977993725656	0.331643501310515	0.1948582451298305	0.25218239713973195	0.30773764412939153	0.26108945054196464	0.30773764412939153	0.3106659991430135	0.25218239713973195	0.2801958129262342	0.2765765491958868	0.30773764412939153	0.19711007399609232	0.3022471188556466	0.0	0.29718727553283053	0.3022471188556466	0.24039503369398013	0.25840875040513483	0.2558416733307445	0.26991005616576047	0.2683495390574761	0.26991005616576047	0.1561296302882911	0.25101038204265297	0.26247455270352615	0.29718727553283053	0.32032765459644164	0.32032765459644164	0.31373193148001866	0.32389069425461553	0.31373193148001866	0.31373193148001866	0.32032765459644164	0.3561146051231944	0.36226032139107867	0.31373193148001866	0.29479823755555046	0.32032765459644164	0.2653421900839795	0.28403705611170943	0.3106659991430135	0.3276549144508834	0.3169477686964359	0.24873173960440456	0.2055224332253041	0.32032765459644164	0.2801958129262342	0.25101038204265297	0.2558416733307445	0.2996674483382237
G000379905	0.2924965377783548	0.29479823755555046	0.2996674483382237	0.2924965377783548	0.31373193148001866	0.3049347968005296	0.22657648943489755	0.3106659991430135	0.3504702783083232	0.28403705611170943	0.3022471188556466	0.23848088447154453	0.23662644399026972	0.26247455270352615	0.30773764412939153	0.2996674483382237	0.29718727553283053	0.0	0.2996674483382237	0.3169477686964359	0.32032765459644164	0.32389069425461553	0.32032765459644164	0.3764506193583299	0.33588342363246515	0.31373193148001866	0.30773764412939153	0.3049347968005296	0.3561146051231944	0.36226032139107867	0.34040718308838414	0.34525307337277605	0.3504702783083232	0.34040718308838414	0.34525307337277605	0.3504702783083232	0.3847777168863248	0.2924965377783548	0.22284960942422377	0.3049347968005296	0.22357679863476257	0.2801958129262342	0.22813642001706028	0.2597337642165006	0.22893253004811306	0.26991005616576047	0.3106659991430135	0.31373193148001866	0.3504702783083232	0.2357194255859042	0.3106659991430135	0.31373193148001866	0.29027403426670284
G000442905	0.2996674483382237	0.31373193148001866	0.2996674483382237	0.3022471188556466	0.24986112559927015	0.29027403426670284	0.2924965377783548	0.31373193148001866	0.21540830420900098	0.022956475841941878	0.3106659991430135	0.29479823755555046	0.2924965377783548	0.27836008247293903	0.2996674483382237	0.0006589243694668356	0.3022471188556466	0.2996674483382237	0.0	0.29027403426670284	0.3022471188556466	0.31373193148001866	0.2924965377783548	0.3106659991430135	0.34040718308838414	0.29718727553283053	0.29479823755555046	0.2820870274473271	0.22284960942422377	0.2801958129262342	0.26247455270352615	0.26247455270352615	0.19993766487023476	0.2117204608762137	0.21800490608085682	0.2123188014747317	0.36899799538875855	0.28604781058084794	0.29479823755555046	0.01399832646189797	0.29718727553283053	0.2996674483382237	0.29027403426670284	0.3022471188556466	0.3049347968005296	0.2996674483382237	0.29027403426670284	0.29718727553283053	0.25337727496771145	0.29479823755555046	0.2924965377783548	0.2924965377783548	0.29479823755555046
G000444545	0.29718727553283053	0.28812564029324994	0.25337727496771145	0.32389069425461553	0.32389069425461553	0.016465526937708842	0.2731545668227686	0.023810181801651897	0.3106659991430135	0.28403705611170943	0.26682794331323434	0.2820870274473271	0.2765765491958868	0.3106659991430135	0.25711143327125874	0.28812564029324994	0.24039503369398013	0.3169477686964359	0.29027403426670284	0.0	0.03666866198154864	0.031035467059630575	0.03827104980428011	0.04185665836098376	0.040087819756647596	0.25337727496771145	0.029443247376943524	0.3022471188556466	0.3276549144508834	0.34040718308838414	0.32032765459644164	0.32389069425461553	0.331643501310515	0.33588342363246515	0.32389069425461553	0.3276549144508834	0.36899799538875855	0.36226032139107867	0.2765765491958868	0.2820870274473271	0.2801958129262342	0.2558416733307445	0.29027403426670284	0.3049347968005296	0.2996674483382237	0.3169477686964359	0.028360205693106644	0.25101038204265297	0.3169477686964359	0.2820870274473271	0.028323338513052115	0.02881647018100522	0.29718727553283053
G000444565	0.3106659991430135	0.29718727553283053	0.2597337642165006	0.34040718308838414	0.3022471188556466	0.037804371489497175	0.29027403426670284	0.043606997069942796	0.3106659991430135	0.3022471188556466	0.26682794331323434	0.2801958129262342	0.2801958129262342	0.3276549144508834	0.24137670742214845	0.2996674483382237	0.25840875040513483	0.32032765459644164	0.3022471188556466	0.03666866198154864	0.0	0.023265657914338083	0.032724350985969174	0.032767598604994314	0.032605693998976865	0.24546887929073957	0.02072256455819633	0.31373193148001866	0.331643501310515	0.33588342363246515	0.3276549144508834	0.3169477686964359	0.3169477686964359	0.331643501310515	0.32032765459644164	0.3276549144508834	0.36899799538875855	0.36899799538875855	0.29027403426670284	0.29479823755555046	0.2924965377783548	0.26247455270352615	0.2924965377783548	0.3049347968005296	0.31373193148001866	0.32389069425461553	0.02085292823204945	0.25337727496771145	0.331643501310515	0.2820870274473271	0.0211505466306229	0.020261744080474927	0.30773764412939153
G000444605	0.32032765459644164	0.28604781058084794	0.24873173960440456	0.331643501310515	0.32389069425461553	0.031988166112000144	0.29718727553283053	0.03734492030164607	0.31373193148001866	0.3049347968005296	0.26389207279748966	0.28604781058084794	0.28403705611170943	0.3106659991430135	0.24653640027767587	0.30773764412939153	0.2558416733307445	0.32389069425461553	0.31373193148001866	0.031035467059630575	0.023265657914338083	0.0	0.024935772390033098	0.026765565940470984	0.023189845978758686	0.25337727496771145	0.013840932243987317	0.3049347968005296	0.3276549144508834	0.34040718308838414	0.32032765459644164	0.3106659991430135	0.3169477686964359	0.3276549144508834	0.3276549144508834	0.32032765459644164	0.36899799538875855	0.3504702783083232	0.29027403426670284	0.3022471188556466	0.29479823755555046	0.25711143327125874	0.29718727553283053	0.29718727553283053	0.32032765459644164	0.3169477686964359	0.01288678136782589	0.24762491944345802	0.331643501310515	0.28604781058084794	0.012751895428477076	0.013866296458146249	0.3169477686964359
G000444645	0.30773764412939153	0.28812564029324994	0.25337727496771145	0.32389069425461553	0.3169477686964359	0.039320979734707676	0.28403705611170943	0.04384052194337669	0.331643501310515	0.29479823755555046	0.2653421900839795	0.2765765491958868	0.27484196684537837	0.3169477686964359	0.26389207279748966	0.2924965377783548	0.26991005616576047	0.32032765459644164	0.2924965377783548	0.03827104980428011	0.032724350985969174	0.024935772390033098	0.0	0.036348447879088995	0.029713706127841848	0.26247455270352615	0.023258024801095057	0.29479823755555046	0.331643501310515	0.36226032139107867	0.33588342363246515	0.3276549144508834	0.34525307337277605	0.3561146051231944	0.33588342363246515	0.33588342363246515	0.36226032139107867	0.331643501310515	0.2801958129262342	0.28604781058084794	0.28403705611170943	0.26247455270352615	0.27836008247293903	0.2996674483382237	0.2996674483382237	0.3276549144508834	0.02232747040041564	0.26247455270352615	0.33588342363246515	0.2765765491958868	0.022094780363718758	0.0243114064164255	0.30773764412939153
G000444685	0.32389069425461553	0.3022471188556466	0.2765765491958868	0.3504702783083232	0.34040718308838414	0.0446316333956211	0.29027403426670284	0.04476006352407212	0.33588342363246515	0.30773764412939153	0.27484196684537837	0.2820870274473271	0.2820870274473271	0.3169477686964359	0.2765765491958868	0.3049347968005296	0.2683495390574761	0.3764506193583299	0.3106659991430135	0.04185665836098376	0.032767598604994314	0.026765565940470984	0.036348447879088995	0.0	0.037817307484228804	0.27836008247293903	0.027230504862284573	0.31373193148001866	0.34040718308838414	0.3561146051231944	0.34040718308838414	0.33588342363246515	0.34525307337277605	0.34525307337277605	0.33588342363246515	0.33588342363246515	0.3847777168863248	0.3764506193583299	0.28604781058084794	0.29718727553283053	0.28812564029324994	0.27484196684537837	0.29718727553283053	0.32032765459644164	0.30773764412939153	0.3561146051231944	0.027089282231960457	0.27484196684537837	0.34525307337277605	0.2820870274473271	0.02731025244105115	0.026121451457759313	0.32032765459644164
G000444705	0.3276549144508834	0.3106659991430135	0.25711143327125874	0.33588342363246515	0.331643501310515	0.04221086376608489	0.29718727553283053	0.04121741801485851	0.3276549144508834	0.331643501310515	0.2801958129262342	0.3022471188556466	0.29718727553283053	0.3169477686964359	0.27484196684537837	0.33588342363246515	0.26991005616576047	0.33588342363246515	0.34040718308838414	0.040087819756647596	0.032605693998976865	0.023189845978758686	0.029713706127841848	0.037817307484228804	0.0	0.26991005616576047	0.023586318841138744	0.30773764412939153	0.3276549144508834	0.34525307337277605	0.331643501310515	0.3106659991430135	0.331643501310515	0.34040718308838414	0.3276549144508834	0.331643501310515	0.3764506193583299	0.3561146051231944	0.3022471188556466	0.32032765459644164	0.3049347968005296	0.28403705611170943	0.30773764412939153	0.32032765459644164	0.3276549144508834	0.3504702783083232	0.0229489489818777	0.2683495390574761	0.331643501310515	0.3022471188556466	0.022710396967899203	0.0234254553769036	0.3276549144508834
G000521765	0.29718727553283053	0.29479823755555046	0.2653421900839795	0.331643501310515	0.19312010951821618	0.2545965262129878	0.2924965377783548	0.25218239713973195	0.3169477686964359	0.2996674483382237	0.2765765491958868	0.29027403426670284	0.2820870274473271	0.3169477686964359	0.016385799825141267	0.29718727553283053	0.1561296302882911	0.31373193148001866	0.29718727553283053	0.25337727496771145	0.24546887929073957	0.25337727496771145	0.26247455270352615	0.27836008247293903	0.26991005616576047	0.0	0.24546887929073957	0.3106659991430135	0.29027403426670284	0.34040718308838414	0.3276549144508834	0.331643501310515	0.32389069425461553	0.33588342363246515	0.30773764412939153	0.34040718308838414	0.3561146051231944	0.34040718308838414	0.29479823755555046	0.29718727553283053	0.2996674483382237	0.27484196684537837	0.29718727553283053	0.32032765459644164	0.30773764412939153	0.331643501310515	0.24762491944345802	0.01681581334871041	0.331643501310515	0.29027403426670284	0.24873173960440456	0.24653640027767587	0.3106659991430135
G000688835	0.30773764412939153	0.2801958129262342	0.24546887929073957	0.32032765459644164	0.31373193148001866	0.0304114197635588	0.27836008247293903	0.03653268552214882	0.30773764412939153	0.28812564029324994	0.2597337642165006	0.2715111677956824	0.26991005616576047	0.2996674483382237	0.24237348254622648	0.2924965377783548	0.25101038204265297	0.30773764412939153	0.29479823755555046	0.029443247376943524	0.02072256455819633	0.013840932243987317	0.023258024801095057	0.027230504862284573	0.023586318841138744	0.24546887929073957	0.0	0.29718727553283053	0.32032765459644164	0.33588342363246515	0.32032765459644164	0.3106659991430135	0.3106659991430135	0.3276549144508834	0.32032765459644164	0.32032765459644164	0.36226032139107867	0.34040718308838414	0.2765765491958868	0.28812564029324994	0.2801958129262342	0.25840875040513483	0.27836008247293903	0.29479823755555046	0.29718727553283053	0.32389069425461553	0.011435235024795487	0.2444194986283164	0.32389069425461553	0.2715111677956824	0.01123340785829079	0.011739398153831654	0.2996674483382237
G000754275	0.2996674483382237	0.3022471188556466	0.29718727553283053	0.31373193148001866	0.3022471188556466	0.29027403426670284	0.29479823755555046	0.3022471188556466	0.32032765459644164	0.28812564029324994	0.29479823755555046	0.28604781058084794	0.2801958129262342	0.2765765491958868	0.3276549144508834	0.2820870274473271	0.26247455270352615	0.3049347968005296	0.2820870274473271	0.3022471188556466	0.31373193148001866	0.3049347968005296	0.29479823755555046	0.31373193148001866	0.30773764412939153	0.3106659991430135	0.29718727553283053	0.0	0.32032765459644164	0.32389069425461553	0.3169477686964359	0.3169477686964359	0.32389069425461553	0.32389069425461553	0.3169477686964359	0.32389069425461553	0.3561146051231944	0.3022471188556466	0.28812564029324994	0.28812564029324994	0.2924965377783548	0.34040718308838414	0.27484196684537837	0.2820870274473271	0.3106659991430135	0.29718727553283053	0.3022471188556466	0.31373193148001866	0.3169477686964359	0.28604781058084794	0.3022471188556466	0.3049347968005296	0.29718727553283053
G000771775	0.33588342363246515	0.33588342363246515	0.32032765459644164	0.3561146051231944	0.2996674483382237	0.32389069425461553	0.34040718308838414	0.3504702783083232	0.024952003328932534	0.2123188014747317	0.3169477686964359	0.331643501310515	0.33588342363246515	0.3504702783083232	0.3022471188556466	0.22284960942422377	0.29718727553283053	0.3561146051231944	0.22284960942422377	0.3276549144508834	0.331643501310515	0.3276549144508834	0.331643501310515	0.34040718308838414	0.3276549144508834	0.29027403426670284	0.32032765459644164	0.32032765459644164	0.0	0.030045567418222514	0.02806646092645005	0.025584042441680055	0.026756860803362224	0.024153692099440027	0.023129408211268267	0.0229489489818777	0.33588342363246515	0.34525307337277605	0.3504702783083232	0.23394828759700556	0.3561146051231944	0.2996674483382237	0.32389069425461553	0.3276549144508834	0.36226032139107867	0.33588342363246515	0.3169477686964359	0.3276549144508834	0.030471197465521765	0.331643501310515	0.32389069425461553	0.3169477686964359	0.33588342363246515
G000771785	0.3169477686964359	0.33588342363246515	0.331643501310515	0.3504702783083232	0.3106659991430135	0.34040718308838414	0.331643501310515	0.3561146051231944	0.029742838272920263	0.29479823755555046	0.32389069425461553	0.331643501310515	0.34040718308838414	0.34040718308838414	0.331643501310515	0.28403705611170943	0.32032765459644164	0.36226032139107867	0.2801958129262342	0.34040718308838414	0.33588342363246515	0.34040718308838414	0.36226032139107867	0.3561146051231944	0.34525307337277605	0.34040718308838414	0.33588342363246515	0.32389069425461553	0.030045567418222514	0.0	0.01749732626345287	0.023624811494966903	0.029156563580858254	0.027694694569940514	0.026791681958049075	0.028397178544378718	0.3504702783083232	0.3504702783083232	0.3561146051231944	0.29027403426670284	0.3561146051231944	0.32032765459644164	0.32389069425461553	0.3561146051231944	0.3504702783083232	0.331643501310515	0.32389069425461553	0.331643501310515	0.02540185380592011	0.331643501310515	0.3276549144508834	0.3276549144508834	0.32389069425461553
G000771795	0.32032765459644164	0.32389069425461553	0.3169477686964359	0.331643501310515	0.31373193148001866	0.32389069425461553	0.32389069425461553	0.34525307337277605	0.027416976056660824	0.23848088447154453	0.3169477686964359	0.32389069425461553	0.331643501310515	0.331643501310515	0.32389069425461553	0.26389207279748966	0.32032765459644164	0.34040718308838414	0.26247455270352615	0.32032765459644164	0.3276549144508834	0.32032765459644164	0.33588342363246515	0.34040718308838414	0.331643501310515	0.3276549144508834	0.32032765459644164	0.3169477686964359	0.02806646092645005	0.01749732626345287	0.0	0.022732661361143935	0.028258851268298676	0.025767517288535116	0.02479032990778892	0.026826504729494653	0.34040718308838414	0.33588342363246515	0.34040718308838414	0.26247455270352615	0.34525307337277605	0.2996674483382237	0.331643501310515	0.32389069425461553	0.34525307337277605	0.32032765459644164	0.3049347968005296	0.32389069425461553	0.020545355651096206	0.32389069425461553	0.31373193148001866	0.31373193148001866	0.32389069425461553
G000771805	0.3276549144508834	0.33588342363246515	0.32032765459644164	0.331643501310515	0.3106659991430135	0.3276549144508834	0.3276549144508834	0.34525307337277605	0.025262009308733836	0.24873173960440456	0.3169477686964359	0.32032765459644164	0.3276549144508834	0.331643501310515	0.32389069425461553	0.26247455270352615	0.31373193148001866	0.34525307337277605	0.26247455270352615	0.32389069425461553	0.3169477686964359	0.3106659991430135	0.3276549144508834	0.33588342363246515	0.3106659991430135	0.331643501310515	0.3106659991430135	0.3169477686964359	0.025584042441680055	0.023624811494966903	0.022732661361143935	0.0	0.02531124152747386	0.024177238692848872	0.024398488845258824	0.02480645433656101	0.33588342363246515	0.34040718308838414	0.3504702783083232	0.26247455270352615	0.3561146051231944	0.34040718308838414	0.3276549144508834	0.3276549144508834	0.3504702783083232	0.3169477686964359	0.30773764412939153	0.32389069425461553	0.025057668090729533	0.32032765459644164	0.31373193148001866	0.3106659991430135	0.32389069425461553
G000771955	0.3276549144508834	0.33588342363246515	0.32032765459644164	0.3504702783083232	0.29479823755555046	0.3276549144508834	0.34525307337277605	0.36226032139107867	0.023227699415896634	0.19574829894890117	0.32032765459644164	0.33588342363246515	0.3504702783083232	0.3561146051231944	0.32389069425461553	0.19993766487023476	0.32389069425461553	0.3504702783083232	0.19993766487023476	0.331643501310515	0.3169477686964359	0.3169477686964359	0.34525307337277605	0.34525307337277605	0.331643501310515	0.32389069425461553	0.3106659991430135	0.32389069425461553	0.026756860803362224	0.029156563580858254	0.028258851268298676	0.02531124152747386	0.0	0.026121451457759313	0.02567561903055448	0.023265657914338083	0.36226032139107867	0.36226032139107867	0.3764506193583299	0.19897873811118794	0.3847777168863248	0.2924965377783548	0.331643501310515	0.34040718308838414	0.36899799538875855	0.34040718308838414	0.30773764412939153	0.34040718308838414	0.030163715924164065	0.33588342363246515	0.31373193148001866	0.31373193148001866	0.3276549144508834
G000772295	0.3169477686964359	0.34525307337277605	0.32389069425461553	0.34525307337277605	0.28604781058084794	0.3276549144508834	0.34040718308838414	0.36226032139107867	0.02479032990778892	0.19803666198016007	0.2765765491958868	0.34525307337277605	0.3504702783083232	0.34040718308838414	0.34040718308838414	0.2123188014747317	0.31373193148001866	0.34040718308838414	0.2117204608762137	0.33588342363246515	0.331643501310515	0.3276549144508834	0.3561146051231944	0.34525307337277605	0.34040718308838414	0.33588342363246515	0.3276549144508834	0.32389069425461553	0.024153692099440027	0.027694694569940514	0.025767517288535116	0.024177238692848872	0.026121451457759313	0.0	0.025467958024694842	0.023918989499343832	0.36226032139107867	0.2924965377783548	0.36899799538875855	0.2207232639139157	0.36899799538875855	0.2924965377783548	0.34040718308838414	0.34040718308838414	0.36899799538875855	0.331643501310515	0.32389069425461553	0.34525307337277605	0.02848047799484031	0.34525307337277605	0.3276549144508834	0.3276549144508834	0.32032765459644164
G000772365	0.32389069425461553	0.33588342363246515	0.3276549144508834	0.36226032139107867	0.3169477686964359	0.32032765459644164	0.331643501310515	0.34525307337277605	0.025608979139375116	0.23308270492107322	0.32032765459644164	0.331643501310515	0.34040718308838414	0.34040718308838414	0.30773764412939153	0.21800490608085682	0.31373193148001866	0.34525307337277605	0.21800490608085682	0.32389069425461553	0.32032765459644164	0.3276549144508834	0.33588342363246515	0.33588342363246515	0.3276549144508834	0.30773764412939153	0.32032765459644164	0.3169477686964359	0.023129408211268267	0.026791681958049075	0.02479032990778892	0.024398488845258824	0.02567561903055448	0.025467958024694842	0.0	0.02372502549828392	0.34040718308838414	0.3504702783083232	0.34525307337277605	0.22431278529329657	0.34525307337277605	0.3504702783083232	0.32032765459644164	0.331643501310515	0.34525307337277605	0.331643501310515	0.31373193148001866	0.32389069425461553	0.027479420043818037	0.331643501310515	0.32032765459644164	0.3169477686964359	0.32389069425461553
G000772395	0.32032765459644164	0.34040718308838414	0.3169477686964359	0.34525307337277605	0.3169477686964359	0.32389069425461553	0.331643501310515	0.3561146051231944	0.02370964678455626	0.22142421109400806	0.2715111677956824	0.3276549144508834	0.33588342363246515	0.34525307337277605	0.34040718308838414	0.2123188014747317	0.32032765459644164	0.3504702783083232	0.2123188014747317	0.3276549144508834	0.3276549144508834	0.32032765459644164	0.33588342363246515	0.33588342363246515	0.331643501310515	0.34040718308838414	0.32032765459644164	0.32389069425461553	0.0229489489818777	0.028397178544378718	0.026826504729494653	0.02480645433656101	0.023265657914338083	0.023918989499343832	0.02372502549828392	0.0	0.34040718308838414	0.29479823755555046	0.36226032139107867	0.22431278529329657	0.36899799538875855	0.3106659991430135	0.331643501310515	0.34040718308838414	0.36226032139107867	0.32389069425461553	0.3049347968005296	0.331643501310515	0.029156563580858254	0.3276549144508834	0.3106659991430135	0.3106659991430135	0.32389069425461553
G000772535	0.33588342363246515	0.36899799538875855	0.34525307337277605	0.331643501310515	0.36899799538875855	0.3764506193583299	0.36226032139107867	0.36226032139107867	0.3561146051231944	0.36899799538875855	0.36226032139107867	0.3561146051231944	0.36899799538875855	0.36899799538875855	0.3504702783083232	0.36899799538875855	0.3561146051231944	0.3847777168863248	0.36899799538875855	0.36899799538875855	0.36899799538875855	0.36899799538875855	0.36226032139107867	0.3847777168863248	0.3764506193583299	0.3561146051231944	0.36226032139107867	0.3561146051231944	0.33588342363246515	0.3504702783083232	0.34040718308838414	0.33588342363246515	0.36226032139107867	0.36226032139107867	0.34040718308838414	0.34040718308838414	0.0	0.31373193148001866	0.34040718308838414	0.3561146051231944	0.34525307337277605	0.33588342363246515	0.3561146051231944	0.3561146051231944	0.3504702783083232	0.331643501310515	0.3504702783083232	0.34525307337277605	0.3504702783083232	0.3561146051231944	0.3504702783083232	0.3504702783083232	0.331643501310515
G000827595	0.24137670742214845	0.33588342363246515	0.331643501310515	0.29027403426670284	0.32032765459644164	0.33588342363246515	0.32032765459644164	0.33588342363246515	0.28812564029324994	0.26389207279748966	0.28403705611170943	0.31373193148001866	0.31373193148001866	0.3106659991430135	0.3276549144508834	0.28604781058084794	0.36226032139107867	0.2924965377783548	0.28604781058084794	0.36226032139107867	0.36899799538875855	0.3504702783083232	0.331643501310515	0.3764506193583299	0.3561146051231944	0.34040718308838414	0.34040718308838414	0.3022471188556466	0.34525307337277605	0.3504702783083232	0.33588342363246515	0.34040718308838414	0.36226032139107867	0.2924965377783548	0.3504702783083232	0.29479823755555046	0.31373193148001866	0.0	0.32032765459644164	0.29027403426670284	0.3276549144508834	0.3276549144508834	0.3106659991430135	0.29479823755555046	0.331643501310515	0.2801958129262342	0.34040718308838414	0.331643501310515	0.3276549144508834	0.3106659991430135	0.34525307337277605	0.33588342363246515	0.2731545668227686
