37
G000011365	0.0000000	0.2820870	0.2281364	0.2384809	0.2597338	0.2413767	0.2330827	0.2699101	0.2019050	0.0786741	0.2765765	0.2624746	0.2610895	0.2487317	0.2558417	0.1953018	0.1668154	0.2214242	0.2076997	0.2024078	0.1079005	0.2545965	0.2748420	0.2394298	0.2394298	0.1148914	0.1870502	0.2258126	0.2545965	0.2044657	0.2039445	0.1264406	0.2082566	0.1165985	0.1148914	0.2014065	0.2423735
G000012725	0.2820870	0.0000000	0.2545965	0.2558417	0.1673452	0.2715112	0.2487317	0.2521824	0.3106660	0.2924965	0.2748420	0.2748420	0.2715112	0.2783601	0.2860478	0.2801958	0.3077376	0.2996674	0.2840371	0.2971873	0.2971873	0.2545965	0.3077376	0.2715112	0.2765765	0.2881256	0.2801958	0.2545965	0.2597338	0.2924965	0.2820870	0.2765765	0.2801958	0.2902740	0.2881256	0.2971873	0.3106660
G000013365	0.2281364	0.2545965	0.0000000	0.1714915	0.2444195	0.1678791	0.1510219	0.2571114	0.2366264	0.2214242	0.2521824	0.2521824	0.2584088	0.1601462	0.2322290	0.2235768	0.2207233	0.2610895	0.2487317	0.2313872	0.2375469	0.1926946	0.2521824	0.2339483	0.1709199	0.2281364	0.2071472	0.1272791	0.2243128	0.2281364	0.2180049	0.2281364	0.2243128	0.2322290	0.2207233	0.2235768	0.2476249
G000013745	0.2384809	0.2558417	0.1714915	0.0000000	0.2433868	0.1542319	0.1785495	0.2638921	0.2533773	0.2384809	0.2597338	0.2571114	0.2668279	0.2039445	0.2533773	0.2322290	0.2265765	0.2597338	0.2571114	0.2423735	0.2423735	0.2060592	0.2610895	0.2322290	0.1637464	0.2384809	0.2214242	0.1902046	0.2444195	0.2305572	0.2384809	0.2375469	0.2366264	0.2348272	0.2339483	0.2214242	0.2375469
G000013885	0.2597338	0.1673452	0.2444195	0.2433868	0.0000000	0.2465364	0.2413767	0.2444195	0.2699101	0.2597338	0.2510104	0.2533773	0.2533773	0.2423735	0.2465364	0.2610895	0.2510104	0.2860478	0.2783601	0.2597338	0.2571114	0.2487317	0.2783601	0.2394298	0.2423735	0.2571114	0.2476249	0.2545965	0.2403950	0.2558417	0.2521824	0.2476249	0.2533773	0.2476249	0.2510104	0.2384809	0.2510104
G000014825	0.2413767	0.2715112	0.1678791	0.1542319	0.2465364	0.0000000	0.1862883	0.2476249	0.2558417	0.2545965	0.2748420	0.2545965	0.2715112	0.1957483	0.2521824	0.2297390	0.2476249	0.2783601	0.2487317	0.2571114	0.2403950	0.1782235	0.2571114	0.2433868	0.1866679	0.2357194	0.2366264	0.1862883	0.2289325	0.2510104	0.2521824	0.2444195	0.2454689	0.2433868	0.2322290	0.2250576	0.2510104
G000195775	0.2330827	0.2487317	0.1510219	0.1785495	0.2413767	0.1862883	0.0000000	0.2624746	0.2533773	0.2348272	0.2403950	0.2384809	0.2584088	0.1578766	0.2339483	0.2258126	0.2297390	0.2653422	0.2597338	0.2444195	0.2454689	0.1966524	0.2584088	0.2465364	0.1855388	0.2444195	0.2221325	0.1496789	0.2433868	0.2423735	0.2330827	0.2228496	0.2366264	0.2339483	0.2433868	0.2348272	0.2545965
G000218565	0.2699101	0.2521824	0.2571114	0.2638921	0.2444195	0.2476249	0.2624746	0.0000000	0.2731546	0.2668279	0.2699101	0.2487317	0.1795424	0.2765765	0.2403950	0.2881256	0.2683495	0.2971873	0.2971873	0.2715112	0.2748420	0.2545965	0.2783601	0.2783601	0.2510104	0.2801958	0.2699101	0.2498611	0.2322290	0.2801958	0.2683495	0.2533773	0.2801958	0.2571114	0.2610895	0.2715112	0.2668279
G000239815	0.2019050	0.3106660	0.2366264	0.2533773	0.2699101	0.2558417	0.2533773	0.2731546	0.0000000	0.2060592	0.2902740	0.2860478	0.2683495	0.2584088	0.2820870	0.1798778	0.2105424	0.2297390	0.2071472	0.2214242	0.2093874	0.2610895	0.2971873	0.2476249	0.2510104	0.2060592	0.2076997	0.2433868	0.2638921	0.2348272	0.2250576	0.2060592	0.2433868	0.2117205	0.2117205	0.2228496	0.2748420
G000284375	0.0786741	0.2924965	0.2214242	0.2384809	0.2597338	0.2545965	0.2348272	0.2668279	0.2060592	0.0000000	0.2801958	0.2533773	0.2699101	0.2375469	0.2610895	0.1975719	0.1620353	0.2173446	0.2076997	0.1948582	0.1080598	0.2465364	0.2860478	0.2339483	0.2339483	0.1216951	0.1808954	0.2243128	0.2510104	0.2055224	0.2024078	0.1246909	0.2117205	0.1162143	0.1130648	0.2049913	0.2413767
G000308295	0.2765765	0.2748420	0.2521824	0.2597338	0.2510104	0.2748420	0.2403950	0.2699101	0.2902740	0.2801958	0.0000000	0.1403583	0.2638921	0.2683495	0.1634989	0.2840371	0.2683495	0.2881256	0.2860478	0.2765765	0.2881256	0.2765765	0.2715112	0.2571114	0.2597338	0.2783601	0.2653422	0.2476249	0.2173446	0.2597338	0.2610895	0.2748420	0.2783601	0.2902740	0.2748420	0.2584088	0.2545965
G000314675	0.2624746	0.2748420	0.2521824	0.2571114	0.2533773	0.2545965	0.2384809	0.2487317	0.2860478	0.2533773	0.1403583	0.0000000	0.2357194	0.2610895	0.1561296	0.2783601	0.2545965	0.2783601	0.2715112	0.2731546	0.2699101	0.2558417	0.2840371	0.2624746	0.2801958	0.2748420	0.2668279	0.2403950	0.1788782	0.2584088	0.2423735	0.2699101	0.2545965	0.2699101	0.2668279	0.2403950	0.2533773
G000314735	0.2610895	0.2715112	0.2584088	0.2668279	0.2533773	0.2715112	0.2584088	0.1795424	0.2683495	0.2699101	0.2638921	0.2357194	0.0000000	0.2668279	0.2297390	0.2683495	0.2610895	0.2947982	0.3106660	0.2748420	0.2699101	0.2624746	0.2996674	0.2801958	0.2653422	0.2668279	0.2610895	0.2571114	0.2243128	0.2699101	0.2653422	0.2610895	0.2860478	0.2571114	0.2653422	0.2653422	0.2731546
G000333455	0.2487317	0.2783601	0.1601462	0.2039445	0.2423735	0.1957483	0.1578766	0.2765765	0.2584088	0.2375469	0.2683495	0.2610895	0.2668279	0.0000000	0.2487317	0.2200310	0.2339483	0.2653422	0.2597338	0.2558417	0.2487317	0.2123188	0.2610895	0.2444195	0.2004235	0.2403950	0.2330827	0.1487406	0.2465364	0.2653422	0.2403950	0.2384809	0.2465364	0.2444195	0.2384809	0.2273520	0.2465364
G000336555	0.2558417	0.2860478	0.2322290	0.2533773	0.2465364	0.2521824	0.2339483	0.2403950	0.2820870	0.2610895	0.1634989	0.1561296	0.2297390	0.2487317	0.0000000	0.2624746	0.2510104	0.2653422	0.2533773	0.2610895	0.2731546	0.2433868	0.2653422	0.2571114	0.2510104	0.2653422	0.2465364	0.2423735	0.2135342	0.2510104	0.2476249	0.2413767	0.2487317	0.2510104	0.2545965	0.2487317	0.2487317
G000344805	0.1953018	0.2801958	0.2235768	0.2322290	0.2610895	0.2297390	0.2258126	0.2881256	0.1798778	0.1975719	0.2840371	0.2783601	0.2683495	0.2200310	0.2624746	0.0000000	0.2044657	0.2465364	0.2228496	0.2214242	0.2024078	0.2413767	0.2699101	0.2476249	0.2394298	0.2060592	0.2024078	0.2214242	0.2597338	0.2384809	0.2273520	0.2049913	0.2289325	0.2060592	0.1980367	0.2076997	0.2624746
G000379145	0.1668154	0.3077376	0.2207233	0.2265765	0.2510104	0.2476249	0.2297390	0.2683495	0.2105424	0.1620353	0.2683495	0.2545965	0.2610895	0.2339483	0.2510104	0.2044657	0.0000000	0.2235768	0.2088191	0.1859128	0.1819321	0.2313872	0.2624746	0.2305572	0.2265765	0.1898001	0.1349864	0.2273520	0.2413767	0.1898001	0.1815842	0.1851662	0.2004235	0.1926946	0.1971101	0.1815842	0.2454689
G000472385	0.2214242	0.2996674	0.2610895	0.2597338	0.2860478	0.2783601	0.2653422	0.2971873	0.2297390	0.2173446	0.2881256	0.2783601	0.2947982	0.2653422	0.2653422	0.2465364	0.2235768	0.0000000	0.1966524	0.2193474	0.2297390	0.2597338	0.3077376	0.2433868	0.2668279	0.2330827	0.2207233	0.2597338	0.2765765	0.2258126	0.2258126	0.2221325	0.2394298	0.2250576	0.2348272	0.2339483	0.2668279
G000472425	0.2076997	0.2840371	0.2487317	0.2571114	0.2783601	0.2487317	0.2597338	0.2971873	0.2071472	0.2076997	0.2860478	0.2715112	0.3106660	0.2597338	0.2533773	0.2228496	0.2088191	0.1966524	0.0000000	0.2207233	0.2093874	0.2715112	0.2820870	0.2454689	0.2610895	0.2129229	0.2082566	0.2715112	0.2715112	0.2207233	0.2117205	0.2117205	0.2193474	0.2044657	0.2193474	0.2147769	0.2683495
G000472865	0.2024078	0.2971873	0.2313872	0.2423735	0.2597338	0.2571114	0.2444195	0.2715112	0.2214242	0.1948582	0.2765765	0.2731546	0.2748420	0.2558417	0.2610895	0.2214242	0.1859128	0.2193474	0.2207233	0.0000000	0.2076997	0.2558417	0.2783601	0.2305572	0.2597338	0.2060592	0.1914350	0.2413767	0.2571114	0.1944188	0.1910221	0.2019050	0.2014065	0.1989787	0.2180049	0.2111279	0.2487317
G000473125	0.1079005	0.2971873	0.2375469	0.2423735	0.2571114	0.2403950	0.2454689	0.2748420	0.2093874	0.1080598	0.2881256	0.2699101	0.2699101	0.2487317	0.2731546	0.2024078	0.1819321	0.2297390	0.2093874	0.2076997	0.0000000	0.2444195	0.2668279	0.2510104	0.2476249	0.1280094	0.1902046	0.2339483	0.2571114	0.2111279	0.2099627	0.1311771	0.2235768	0.1232245	0.1249212	0.1999377	0.2476249
G000504425	0.2545965	0.2545965	0.1926946	0.2060592	0.2487317	0.1782235	0.1966524	0.2545965	0.2610895	0.2465364	0.2765765	0.2558417	0.2624746	0.2123188	0.2433868	0.2413767	0.2313872	0.2597338	0.2715112	0.2558417	0.2444195	0.0000000	0.2699101	0.2454689	0.2117205	0.2584088	0.2289325	0.1994561	0.2375469	0.2375469	0.2465364	0.2558417	0.2433868	0.2498611	0.2330827	0.2357194	0.2597338
G000516555	0.2748420	0.3077376	0.2521824	0.2610895	0.2783601	0.2571114	0.2584088	0.2783601	0.2971873	0.2860478	0.2715112	0.2840371	0.2996674	0.2610895	0.2653422	0.2699101	0.2624746	0.3077376	0.2820870	0.2783601	0.2668279	0.2699101	0.0000000	0.2902740	0.2610895	0.2820870	0.2699101	0.2487317	0.2571114	0.2801958	0.2731546	0.2715112	0.2820870	0.2860478	0.2699101	0.2668279	0.2860478
G000701345	0.2394298	0.2715112	0.2339483	0.2322290	0.2394298	0.2433868	0.2465364	0.2783601	0.2476249	0.2339483	0.2571114	0.2624746	0.2801958	0.2444195	0.2571114	0.2476249	0.2305572	0.2433868	0.2454689	0.2305572	0.2510104	0.2454689	0.2902740	0.0000000	0.2348272	0.2403950	0.2273520	0.2498611	0.2394298	0.2123188	0.2186725	0.2403950	0.2147769	0.2289325	0.2357194	0.2049913	0.2498611
G000935205	0.2394298	0.2765765	0.1709199	0.1637464	0.2423735	0.1866679	0.1855388	0.2510104	0.2510104	0.2339483	0.2597338	0.2801958	0.2653422	0.2004235	0.2510104	0.2394298	0.2265765	0.2668279	0.2610895	0.2597338	0.2476249	0.2117205	0.2610895	0.2348272	0.0000000	0.2403950	0.2214242	0.1837058	0.1893984	0.2394298	0.2281364	0.2413767	0.2571114	0.2444195	0.2394298	0.2250576	0.2423735
G000938285	0.1148914	0.2881256	0.2281364	0.2384809	0.2571114	0.2357194	0.2444195	0.2801958	0.2060592	0.1216951	0.2783601	0.2748420	0.2668279	0.2403950	0.2653422	0.2060592	0.1898001	0.2330827	0.2129229	0.2060592	0.1280094	0.2584088	0.2820870	0.2403950	0.2403950	0.0000000	0.1815842	0.2265765	0.2476249	0.2135342	0.2099627	0.1326388	0.2200310	0.1298858	0.1234473	0.2111279	0.2403950
G000938305	0.1870502	0.2801958	0.2071472	0.2214242	0.2476249	0.2366264	0.2221325	0.2699101	0.2076997	0.1808954	0.2653422	0.2668279	0.2610895	0.2330827	0.2465364	0.2024078	0.1349864	0.2207233	0.2082566	0.1914350	0.1902046	0.2289325	0.2699101	0.2273520	0.2214242	0.1815842	0.0000000	0.2154083	0.2413767	0.1870502	0.1855388	0.1902046	0.1953018	0.1926946	0.1935497	0.1795424	0.2305572
G001295845	0.2258126	0.2545965	0.1272791	0.1902046	0.2545965	0.1862883	0.1496789	0.2498611	0.2433868	0.2243128	0.2476249	0.2403950	0.2571114	0.1487406	0.2423735	0.2214242	0.2273520	0.2597338	0.2715112	0.2413767	0.2339483	0.1994561	0.2487317	0.2498611	0.1837058	0.2265765	0.2154083	0.0000000	0.2313872	0.2322290	0.2221325	0.2281364	0.2305572	0.2322290	0.2281364	0.2281364	0.2305572
G001425835	0.2545965	0.2597338	0.2243128	0.2444195	0.2403950	0.2289325	0.2433868	0.2322290	0.2638921	0.2510104	0.2173446	0.1788782	0.2243128	0.2465364	0.2135342	0.2597338	0.2413767	0.2765765	0.2715112	0.2571114	0.2571114	0.2375469	0.2571114	0.2394298	0.1893984	0.2476249	0.2413767	0.2313872	0.0000000	0.2571114	0.2487317	0.2533773	0.2433868	0.2571114	0.2521824	0.2366264	0.2476249
G001440405	0.2044657	0.2924965	0.2281364	0.2305572	0.2558417	0.2510104	0.2423735	0.2801958	0.2348272	0.2055224	0.2597338	0.2584088	0.2699101	0.2653422	0.2510104	0.2384809	0.1898001	0.2258126	0.2207233	0.1944188	0.2111279	0.2375469	0.2801958	0.2123188	0.2394298	0.2135342	0.1870502	0.2322290	0.2571114	0.0000000	0.1281328	0.2076997	0.1136965	0.2135342	0.2160456	0.1655149	0.2444195
G001440475	0.2039445	0.2820870	0.2180049	0.2384809	0.2521824	0.2521824	0.2330827	0.2683495	0.2250576	0.2024078	0.2610895	0.2423735	0.2653422	0.2403950	0.2476249	0.2273520	0.1815842	0.2258126	0.2117205	0.1910221	0.2099627	0.2465364	0.2731546	0.2186725	0.2281364	0.2099627	0.1855388	0.2221325	0.2487317	0.1281328	0.0000000	0.1935497	0.1227827	0.1999377	0.2055224	0.1639952	0.2433868
G001641695	0.1264406	0.2765765	0.2281364	0.2375469	0.2476249	0.2444195	0.2228496	0.2533773	0.2060592	0.1246909	0.2748420	0.2699101	0.2610895	0.2384809	0.2413767	0.2049913	0.1851662	0.2221325	0.2117205	0.2019050	0.1311771	0.2558417	0.2715112	0.2403950	0.2413767	0.1326388	0.1902046	0.2281364	0.2533773	0.2076997	0.1935497	0.0000000	0.2160456	0.1276430	0.1373030	0.2019050	0.2454689
G001693385	0.2082566	0.2801958	0.2243128	0.2366264	0.2533773	0.2454689	0.2366264	0.2801958	0.2433868	0.2117205	0.2783601	0.2545965	0.2860478	0.2465364	0.2487317	0.2289325	0.2004235	0.2394298	0.2193474	0.2014065	0.2235768	0.2433868	0.2820870	0.2147769	0.2571114	0.2200310	0.1953018	0.2305572	0.2433868	0.1136965	0.1227827	0.2160456	0.0000000	0.2221325	0.2193474	0.1642454	0.2521824
G001908185	0.1165985	0.2902740	0.2322290	0.2348272	0.2476249	0.2433868	0.2339483	0.2571114	0.2117205	0.1162143	0.2902740	0.2699101	0.2571114	0.2444195	0.2510104	0.2060592	0.1926946	0.2250576	0.2044657	0.1989787	0.1232245	0.2498611	0.2860478	0.2289325	0.2444195	0.1298858	0.1926946	0.2322290	0.2571114	0.2135342	0.1999377	0.1276430	0.2221325	0.0000000	0.1249212	0.1980367	0.2375469
G900011245	0.1148914	0.2881256	0.2207233	0.2339483	0.2510104	0.2322290	0.2433868	0.2610895	0.2117205	0.1130648	0.2748420	0.2668279	0.2653422	0.2384809	0.2545965	0.1980367	0.1971101	0.2348272	0.2193474	0.2180049	0.1249212	0.2330827	0.2699101	0.2357194	0.2394298	0.1234473	0.1935497	0.2281364	0.2521824	0.2160456	0.2055224	0.1373030	0.2193474	0.1249212	0.0000000	0.2019050	0.2510104
G900104755	0.2014065	0.2971873	0.2235768	0.2214242	0.2384809	0.2250576	0.2348272	0.2715112	0.2228496	0.2049913	0.2584088	0.2403950	0.2653422	0.2273520	0.2487317	0.2076997	0.1815842	0.2339483	0.2147769	0.2111279	0.1999377	0.2357194	0.2668279	0.2049913	0.2250576	0.2111279	0.1795424	0.2281364	0.2366264	0.1655149	0.1639952	0.2019050	0.1642454	0.1980367	0.2019050	0.0000000	0.2258126
G900108575	0.2423735	0.3106660	0.2476249	0.2375469	0.2510104	0.2510104	0.2545965	0.2668279	0.2748420	0.2413767	0.2545965	0.2533773	0.2731546	0.2465364	0.2487317	0.2624746	0.2454689	0.2668279	0.2683495	0.2487317	0.2476249	0.2597338	0.2860478	0.2498611	0.2423735	0.2403950	0.2305572	0.2305572	0.2476249	0.2444195	0.2433868	0.2454689	0.2521824	0.2375469	0.2510104	0.2258126	0.0000000
