132
G000009765	0.0	0.19757192350759648	0.33588342363246515	0.1662909224697178	0.22213253749827977	0.21800490608085682	0.17120501470780475	0.2117204608762137	0.16924002369732496	0.1644968764975823	0.23308270492107322	0.17265507791591378	0.17354309992671846	0.24137670742214845	0.17414452876213368	0.23848088447154453	0.1961989182718191	0.20714721551151838	0.25218239713973195	0.16551492912077642	0.1709198596026057	0.21734455709591402	0.16551492912077642	0.29718727553283053	0.18263470439162113	0.23138720372649813	0.19530184255346789	0.16325142482545518	0.2653421900839795	0.26682794331323434	0.36899799538875855	0.19757192350759648	0.25101038204265297	0.22893253004811306	0.24986112559927015	0.24039503369398013	0.23848088447154453	0.19398219792066304	0.16203534296686417	0.24546887929073957	0.22142421109400806	0.17149153517990956	0.34040718308838414	0.21734455709591402	0.2558416733307445	0.24873173960440456	0.1546472279456073	0.185912811277528	0.16108273665049555	0.2117204608762137	0.20714721551151838	0.25218239713973195	0.2093873845977167	0.2258126035470329	0.25101038204265297	0.2160456081230803	0.16603133693868677	0.19945609124340086	0.20996269672723128	0.23308270492107322	0.26389207279748966	0.20660040067261123	0.20825656316420882	0.20996269672723128	0.20825656316420882	0.1878218295064742	0.1615564078243784	0.17630203663742802	0.22284960942422377	0.20394447413525468	0.24546887929073957	0.1538193427926272	0.1732457158941927	0.25101038204265297	0.2653421900839795	0.29718727553283053	0.25101038204265297	0.2715111677956824	0.25218239713973195	0.28604781058084794	0.2545965262129878	0.19711007399609232	0.22003101685243362	0.1709198596026057	0.19711007399609232	0.20769970560970222	0.21540830420900098	0.21800490608085682	0.2558416733307445	0.24237348254622648	0.003622273176787133	0.25218239713973195	0.17265507791591378	0.23662644399026972	0.17120501470780475	0.26389207279748966	0.2160456081230803	0.19143504078638374	0.19945609124340086	0.21800490608085682	0.17444731694068588	0.1729497090851328	0.1627617737610713	0.1819321103103758	0.17987783756694659	0.1662909224697178	0.2093873845977167	0.2801958129262342	0.1684196650290719	0.1559153927671959	0.1769348017571285	0.17822349561517994	0.25337727496771145	0.24546887929073957	0.16251831001515657	0.1684196650290719	0.15699582276060037	0.1599147175873962	0.1676114564213837	0.26682794331323434	0.19530184255346789	0.17063606834903128	0.1700738259125545	0.22893253004811306	0.20660040067261123	0.21540830420900098	0.2160456081230803	0.23848088447154453	0.25711143327125874	0.20660040067261123	0.24237348254622648	0.23662644399026972
G000010605	0.19757192350759648	0.0	0.32032765459644164	0.20446571368220878	0.22142421109400806	0.21800490608085682	0.19945609124340086	0.21669146392187277	0.20042346693072297	0.2055224332253041	0.19897873811118794	0.20091219825034257	0.20769970560970222	0.21800490608085682	0.18900071219777415	0.22973899487760674	0.22735198685539015	0.185912811277528	0.24039503369398013	0.21477686769367976	0.21734455709591402	0.2123188014747317	0.21112789771156504	0.29479823755555046	0.19897873811118794	0.2357194255859042	0.1538193427926272	0.21054242275835122	0.2597337642165006	0.24762491944345802	0.3504702783083232	0.1829894392148185	0.23942977993725656	0.21415261469809568	0.22893253004811306	0.22973899487760674	0.21734455709591402	0.1874339876961904	0.19945609124340086	0.23848088447154453	0.20190501540567318	0.21054242275835122	0.34040718308838414	0.20660040067261123	0.25337727496771145	0.2357194255859042	0.21540830420900098	0.19803666198016007	0.21800490608085682	0.160611842050975	0.21054242275835122	0.2444194986283164	0.21415261469809568	0.20499125869386792	0.2444194986283164	0.1966524080780005	0.2055224332253041	0.17920956723323422	0.2088191186537985	0.21734455709591402	0.2444194986283164	0.20140648046064907	0.19530184255346789	0.1910221048704871	0.19530184255346789	0.20825656316420882	0.2093873845977167	0.19945609124340086	0.21934744644115023	0.1819321103103758	0.22505759462756314	0.20714721551151838	0.19711007399609232	0.26247455270352615	0.26991005616576047	0.2715111677956824	0.25101038204265297	0.26108945054196464	0.2357194255859042	0.26108945054196464	0.25337727496771145	0.2305572069254928	0.20825656316420882	0.20240781135395203	0.20342753133711822	0.1829894392148185	0.2123188014747317	0.218672529555001	0.24653640027767587	0.23754691420859134	0.20140648046064907	0.24762491944345802	0.21054242275835122	0.2357194255859042	0.19803666198016007	0.24653640027767587	0.2055224332253041	0.18900071219777415	0.19312010951821618	0.20342753133711822	0.2160456081230803	0.21054242275835122	0.2123188014747317	0.2093873845977167	0.19530184255346789	0.20446571368220878	0.21054242275835122	0.26247455270352615	0.21054242275835122	0.2029148766575945	0.19850559761578662	0.19061197490839912	0.24873173960440456	0.2444194986283164	0.2088191186537985	0.20342753133711822	0.2093873845977167	0.20714721551151838	0.20825656316420882	0.25101038204265297	0.1851661787460195	0.19757192350759648	0.1948582451298305	0.1948582451298305	0.20660040067261123	0.20825656316420882	0.1966524080780005	0.22284960942422377	0.24873173960440456	0.1592268961022512	0.23754691420859134	0.22431278529329657
G000024025	0.33588342363246515	0.32032765459644164	0.0	0.3106659991430135	0.3106659991430135	0.31373193148001866	0.33588342363246515	0.32389069425461553	0.32032765459644164	0.3276549144508834	0.33588342363246515	0.32389069425461553	0.3106659991430135	0.3504702783083232	0.3276549144508834	0.29479823755555046	0.3169477686964359	0.36226032139107867	0.28812564029324994	0.3022471188556466	0.3504702783083232	0.3561146051231944	0.331643501310515	0.3049347968005296	0.31373193148001866	0.31373193148001866	0.3106659991430135	0.3276549144508834	0.32389069425461553	0.31373193148001866	0.33588342363246515	0.3561146051231944	0.36899799538875855	0.2996674483382237	0.30773764412939153	0.331643501310515	0.31373193148001866	0.33588342363246515	0.30773764412939153	0.33588342363246515	0.32389069425461553	0.34040718308838414	0.26108945054196464	0.3169477686964359	0.30773764412939153	0.28403705611170943	0.32389069425461553	0.32389069425461553	0.3169477686964359	0.3561146051231944	0.331643501310515	0.28812564029324994	0.32032765459644164	0.3276549144508834	0.3276549144508834	0.33588342363246515	0.33588342363246515	0.3276549144508834	0.3169477686964359	0.2996674483382237	0.32032765459644164	0.33588342363246515	0.30773764412939153	0.3276549144508834	0.32389069425461553	0.34040718308838414	0.34040718308838414	0.33588342363246515	0.34525307337277605	0.3049347968005296	0.34040718308838414	0.32032765459644164	0.30773764412939153	0.29027403426670284	0.3022471188556466	0.3106659991430135	0.27484196684537837	0.2996674483382237	0.30773764412939153	0.2715111677956824	0.2996674483382237	0.3504702783083232	0.3276549144508834	0.331643501310515	0.31373193148001866	0.32032765459644164	0.331643501310515	0.3276549144508834	0.2924965377783548	0.34040718308838414	0.3276549144508834	0.33588342363246515	0.30773764412939153	0.2996674483382237	0.3276549144508834	0.31373193148001866	0.29479823755555046	0.36226032139107867	0.28812564029324994	0.34040718308838414	0.33588342363246515	0.2924965377783548	0.3561146051231944	0.33588342363246515	0.30773764412939153	0.32032765459644164	0.3022471188556466	0.32032765459644164	0.331643501310515	0.33588342363246515	0.331643501310515	0.32032765459644164	0.29027403426670284	0.29718727553283053	0.331643501310515	0.30773764412939153	0.3276549144508834	0.34525307337277605	0.3049347968005296	0.3106659991430135	0.33588342363246515	0.3169477686964359	0.331643501310515	0.33588342363246515	0.3169477686964359	0.2996674483382237	0.32032765459644164	0.32389069425461553	0.3106659991430135	0.33588342363246515	0.34040718308838414	0.2715111677956824
G000091305	0.1662909224697178	0.20446571368220878	0.3106659991430135	0.0	0.22505759462756314	0.22973899487760674	0.1788781939203654	0.2160456081230803	0.17789762834242734	0.16500386094362157	0.22003101685243362	0.17920956723323422	0.1769348017571285	0.23754691420859134	0.16924002369732496	0.24546887929073957	0.1647497030509989	0.19993766487023476	0.24762491944345802	0.1314391527433187	0.15765445324629054	0.22431278529329657	0.16924002369732496	0.2765765491958868	0.19143504078638374	0.22505759462756314	0.20140648046064907	0.17757570402434103	0.24873173960440456	0.2558416733307445	0.34525307337277605	0.20394447413525468	0.25101038204265297	0.23308270492107322	0.24137670742214845	0.23848088447154453	0.23662644399026972	0.20660040067261123	0.1759883830918599	0.25101038204265297	0.22357679863476257	0.18900071219777415	0.3276549144508834	0.22893253004811306	0.24986112559927015	0.25101038204265297	0.16251831001515657	0.19897873811118794	0.18553876176543305	0.2160456081230803	0.2093873845977167	0.24237348254622648	0.218672529555001	0.22735198685539015	0.24039503369398013	0.22142421109400806	0.1878218295064742	0.19945609124340086	0.22431278529329657	0.2357194255859042	0.2653421900839795	0.21112789771156504	0.20342753133711822	0.20605924898358907	0.21477686769367976	0.20825656316420882	0.16734516358982282	0.18406743300396836	0.23942977993725656	0.19574829894890117	0.24137670742214845	0.17384312363007043	0.1759883830918599	0.25840875040513483	0.2715111677956824	0.29027403426670284	0.24653640027767587	0.25337727496771145	0.24873173960440456	0.28812564029324994	0.28604781058084794	0.21054242275835122	0.2357194255859042	0.1874339876961904	0.21353419835850074	0.2029148766575945	0.2207232639139157	0.22505759462756314	0.25337727496771145	0.2433868009929111	0.16951701904878985	0.26389207279748966	0.1766170869362342	0.24137670742214845	0.1882111572246421	0.26991005616576047	0.22357679863476257	0.19850559761578662	0.2088191186537985	0.218672529555001	0.1874339876961904	0.1769348017571285	0.1882111572246421	0.1829894392148185	0.19993766487023476	0.12585022680624453	0.21669146392187277	0.2715111677956824	0.16577308858356002	0.17757570402434103	0.18666788340004897	0.20091219825034257	0.2683495390574761	0.26108945054196464	0.16681535959526128	0.17822349561517994	0.16787909470400164	0.16325142482545518	0.1662909224697178	0.25337727496771145	0.20042346693072297	0.17987783756694659	0.1788781939203654	0.2160456081230803	0.21540830420900098	0.2258126035470329	0.20769970560970222	0.23942977993725656	0.25337727496771145	0.2160456081230803	0.2433868009929111	0.23942977993725656
G000092385	0.22213253749827977	0.22142421109400806	0.3106659991430135	0.22505759462756314	0.0	0.1634988574551521	0.23754691420859134	0.15877199402410458	0.21734455709591402	0.21540830420900098	0.23222902345297736	0.21934744644115023	0.23662644399026972	0.2545965262129878	0.2258126035470329	0.24237348254622648	0.25337727496771145	0.2433868009929111	0.24762491944345802	0.22431278529329657	0.2433868009929111	0.22813642001706028	0.22973899487760674	0.27836008247293903	0.23308270492107322	0.23222902345297736	0.21669146392187277	0.22431278529329657	0.2801958129262342	0.2715111677956824	0.3847777168863248	0.22813642001706028	0.23754691420859134	0.23848088447154453	0.24873173960440456	0.2444194986283164	0.23482717926450708	0.22657648943489755	0.23394828759700556	0.25337727496771145	0.23138720372649813	0.22431278529329657	0.3169477686964359	0.21054242275835122	0.26247455270352615	0.24986112559927015	0.22735198685539015	0.22893253004811306	0.22357679863476257	0.23662644399026972	0.21800490608085682	0.24237348254622648	0.2207232639139157	0.22357679863476257	0.25218239713973195	0.21353419835850074	0.22893253004811306	0.23394828759700556	0.21112789771156504	0.22357679863476257	0.2683495390574761	0.21415261469809568	0.2305572069254928	0.2357194255859042	0.22973899487760674	0.23662644399026972	0.22973899487760674	0.2305572069254928	0.23662644399026972	0.22973899487760674	0.2357194255859042	0.2357194255859042	0.22431278529329657	0.27484196684537837	0.26108945054196464	0.2597337642165006	0.26389207279748966	0.2715111677956824	0.2558416733307445	0.29027403426670284	0.2765765491958868	0.24986112559927015	0.2305572069254928	0.2357194255859042	0.22893253004811306	0.23222902345297736	0.21800490608085682	0.1594544506511303	0.24237348254622648	0.25711143327125874	0.2207232639139157	0.2558416733307445	0.2258126035470329	0.23308270492107322	0.22505759462756314	0.2653421900839795	0.22003101685243362	0.23222902345297736	0.218672529555001	0.24986112559927015	0.23662644399026972	0.24237348254622648	0.23482717926450708	0.24039503369398013	0.23394828759700556	0.22735198685539015	0.218672529555001	0.26108945054196464	0.22813642001706028	0.23482717926450708	0.23482717926450708	0.22893253004811306	0.25840875040513483	0.24762491944345802	0.22505759462756314	0.2305572069254928	0.2258126035470329	0.22893253004811306	0.22505759462756314	0.2545965262129878	0.23754691420859134	0.218672529555001	0.22213253749827977	0.22973899487760674	0.21734455709591402	0.2357194255859042	0.2357194255859042	0.2357194255859042	0.2597337642165006	0.23308270492107322	0.25711143327125874	0.23662644399026972
G000147815	0.21800490608085682	0.21800490608085682	0.31373193148001866	0.22973899487760674	0.1634988574551521	0.0	0.2305572069254928	0.13584290572653795	0.21292293296994425	0.21934744644115023	0.22142421109400806	0.21540830420900098	0.218672529555001	0.25101038204265297	0.2207232639139157	0.22657648943489755	0.2444194986283164	0.2357194255859042	0.25711143327125874	0.218672529555001	0.24986112559927015	0.2160456081230803	0.21934744644115023	0.2765765491958868	0.22505759462756314	0.22735198685539015	0.22357679863476257	0.22357679863476257	0.2765765491958868	0.26108945054196464	0.331643501310515	0.22142421109400806	0.23308270492107322	0.22142421109400806	0.22973899487760674	0.22735198685539015	0.22735198685539015	0.22213253749827977	0.218672529555001	0.24762491944345802	0.2207232639139157	0.22431278529329657	0.31373193148001866	0.21353419835850074	0.2558416733307445	0.25218239713973195	0.23942977993725656	0.2305572069254928	0.22657648943489755	0.23394828759700556	0.20825656316420882	0.2444194986283164	0.2123188014747317	0.22213253749827977	0.23754691420859134	0.218672529555001	0.21415261469809568	0.22813642001706028	0.20660040067261123	0.22657648943489755	0.25337727496771145	0.20996269672723128	0.2258126035470329	0.23482717926450708	0.23138720372649813	0.22813642001706028	0.22973899487760674	0.22505759462756314	0.24653640027767587	0.2258126035470329	0.2357194255859042	0.23394828759700556	0.2093873845977167	0.2558416733307445	0.2731545668227686	0.2653421900839795	0.26108945054196464	0.26389207279748966	0.24546887929073957	0.2653421900839795	0.26991005616576047	0.2305572069254928	0.23394828759700556	0.22003101685243362	0.22357679863476257	0.23308270492107322	0.2117204608762137	0.07688132891323325	0.24653640027767587	0.24653640027767587	0.21934744644115023	0.23942977993725656	0.22003101685243362	0.23848088447154453	0.22657648943489755	0.2545965262129878	0.21353419835850074	0.2207232639139157	0.22213253749827977	0.2444194986283164	0.23394828759700556	0.22973899487760674	0.23138720372649813	0.24873173960440456	0.22357679863476257	0.23138720372649813	0.2055224332253041	0.26389207279748966	0.22003101685243362	0.23138720372649813	0.23754691420859134	0.2160456081230803	0.2597337642165006	0.25101038204265297	0.2207232639139157	0.2258126035470329	0.22813642001706028	0.22657648943489755	0.22657648943489755	0.26389207279748966	0.22735198685539015	0.2123188014747317	0.21934744644115023	0.22213253749827977	0.20714721551151838	0.23138720372649813	0.22893253004811306	0.22973899487760674	0.26247455270352615	0.23138720372649813	0.24653640027767587	0.22735198685539015
G000156435	0.17120501470780475	0.19945609124340086	0.33588342363246515	0.1788781939203654	0.23754691420859134	0.2305572069254928	0.0	0.22213253749827977	0.145672941487587	0.14480395170011592	0.20825656316420882	0.14763672789587404	0.1700738259125545	0.23222902345297736	0.15899941057386166	0.2207232639139157	0.19993766487023476	0.19185207866623355	0.2433868009929111	0.1788781939203654	0.18479761893721547	0.20825656316420882	0.16424537996637567	0.27836008247293903	0.1926946084113642	0.2117204608762137	0.19312010951821618	0.18443051893457643	0.25840875040513483	0.24873173960440456	0.3169477686964359	0.1966524080780005	0.23308270492107322	0.2305572069254928	0.22657648943489755	0.23138720372649813	0.21934744644115023	0.2055224332253041	0.16108273665049555	0.22893253004811306	0.21734455709591402	0.1647497030509989	0.31373193148001866	0.2088191186537985	0.2433868009929111	0.23482717926450708	0.15877199402410458	0.1948582451298305	0.1829894392148185	0.21292293296994425	0.2093873845977167	0.23754691420859134	0.2117204608762137	0.21669146392187277	0.23222902345297736	0.2123188014747317	0.17149153517990956	0.18900071219777415	0.21540830420900098	0.20996269672723128	0.24546887929073957	0.20446571368220878	0.19574829894890117	0.1935497354276064	0.20446571368220878	0.19711007399609232	0.16300655933356975	0.14948970644340762	0.22813642001706028	0.19143504078638374	0.22735198685539015	0.17630203663742802	0.159684548811655	0.25337727496771145	0.25711143327125874	0.26389207279748966	0.2433868009929111	0.26247455270352615	0.22973899487760674	0.2597337642165006	0.2597337642165006	0.1788781939203654	0.218672529555001	0.1703536394403715	0.1948582451298305	0.19530184255346789	0.22142421109400806	0.23138720372649813	0.2558416733307445	0.23308270492107322	0.17384312363007043	0.2444194986283164	0.17354309992671846	0.21800490608085682	0.14294555996547215	0.2433868009929111	0.20660040067261123	0.20091219825034257	0.21477686769367976	0.21415261469809568	0.15877199402410458	0.1935497354276064	0.19061197490839912	0.12105319264392575	0.19897873811118794	0.1662909224697178	0.2088191186537985	0.25101038204265297	0.1647497030509989	0.1851661787460195	0.11757457278831082	0.18479761893721547	0.25218239713973195	0.24237348254622648	0.15180626434660643	0.15634516080273697	0.15527796723869808	0.17206993620644412	0.1454980916876295	0.24653640027767587	0.19441879768891127	0.15787659392713846	0.14361375998546133	0.20499125869386792	0.20769970560970222	0.2160456081230803	0.18900071219777415	0.21734455709591402	0.24546887929073957	0.2093873845977167	0.23308270492107322	0.23394828759700556
G000158915	0.2117204608762137	0.21669146392187277	0.32389069425461553	0.2160456081230803	0.15877199402410458	0.13584290572653795	0.22213253749827977	0.0	0.2123188014747317	0.2093873845977167	0.2258126035470329	0.21669146392187277	0.22357679863476257	0.2444194986283164	0.22003101685243362	0.2258126035470329	0.23138720372649813	0.22735198685539015	0.24986112559927015	0.2160456081230803	0.23942977993725656	0.2088191186537985	0.21669146392187277	0.28812564029324994	0.21800490608085682	0.22284960942422377	0.2123188014747317	0.22213253749827977	0.2715111677956824	0.26247455270352615	0.36899799538875855	0.218672529555001	0.23754691420859134	0.22893253004811306	0.23754691420859134	0.24039503369398013	0.2258126035470329	0.2123188014747317	0.21669146392187277	0.2444194986283164	0.2258126035470329	0.22213253749827977	0.30773764412939153	0.19711007399609232	0.25711143327125874	0.25101038204265297	0.21934744644115023	0.21477686769367976	0.21353419835850074	0.21669146392187277	0.20499125869386792	0.24137670742214845	0.2055224332253041	0.2123188014747317	0.24546887929073957	0.21292293296994425	0.21669146392187277	0.22813642001706028	0.20042346693072297	0.218672529555001	0.26247455270352615	0.2117204608762137	0.22973899487760674	0.2160456081230803	0.22357679863476257	0.22431278529329657	0.22003101685243362	0.2207232639139157	0.2444194986283164	0.2093873845977167	0.2258126035470329	0.2305572069254928	0.21415261469809568	0.2545965262129878	0.26682794331323434	0.2653421900839795	0.25337727496771145	0.25840875040513483	0.2433868009929111	0.27484196684537837	0.27484196684537837	0.22735198685539015	0.22003101685243362	0.22431278529329657	0.21415261469809568	0.22431278529329657	0.19993766487023476	0.13671356810329352	0.2444194986283164	0.24137670742214845	0.21415261469809568	0.23754691420859134	0.22813642001706028	0.2258126035470329	0.21540830420900098	0.24873173960440456	0.20605924898358907	0.21292293296994425	0.21669146392187277	0.23662644399026972	0.23394828759700556	0.22505759462756314	0.23848088447154453	0.23138720372649813	0.21800490608085682	0.21292293296994425	0.20190501540567318	0.24986112559927015	0.2160456081230803	0.2207232639139157	0.23222902345297736	0.2160456081230803	0.24873173960440456	0.25101038204265297	0.22431278529329657	0.21477686769367976	0.21477686769367976	0.22505759462756314	0.21353419835850074	0.24039503369398013	0.2207232639139157	0.20769970560970222	0.20605924898358907	0.22735198685539015	0.20446571368220878	0.22893253004811306	0.22284960942422377	0.24137670742214845	0.2545965262129878	0.22003101685243362	0.24137670742214845	0.22357679863476257
G000158935	0.16924002369732496	0.20042346693072297	0.32032765459644164	0.17789762834242734	0.21734455709591402	0.21292293296994425	0.145672941487587	0.2123188014747317	0.0	0.1510218676894143	0.2160456081230803	0.00795710142753435	0.16707896527386734	0.21734455709591402	0.16131953484337416	0.22893253004811306	0.19530184255346789	0.1886045448927731	0.23222902345297736	0.1805543369744625	0.18939837615660138	0.2123188014747317	0.15677764022369017	0.28403705611170943	0.18553876176543305	0.21734455709591402	0.1882111572246421	0.17444731694068588	0.25337727496771145	0.24653640027767587	0.33588342363246515	0.19574829894890117	0.21669146392187277	0.22431278529329657	0.22813642001706028	0.23942977993725656	0.2117204608762137	0.1926946084113642	0.157434845478996	0.23308270492107322	0.20605924898358907	0.16734516358982282	0.32032765459644164	0.21477686769367976	0.23942977993725656	0.23942977993725656	0.1538193427926272	0.1833456188313577	0.1812390872027614	0.20660040067261123	0.2055224332253041	0.22973899487760674	0.20660040067261123	0.20660040067261123	0.2357194255859042	0.21353419835850074	0.16374637174233103	0.18939837615660138	0.21540830420900098	0.2123188014747317	0.25218239713973195	0.21054242275835122	0.19574829894890117	0.18628832938500356	0.19757192350759648	0.19185207866623355	0.1615564078243784	0.09693327487146089	0.22357679863476257	0.18705019610076667	0.22893253004811306	0.17567738854540016	0.16179583716581017	0.2545965262129878	0.25218239713973195	0.25711143327125874	0.24137670742214845	0.25337727496771145	0.23138720372649813	0.24237348254622648	0.24653640027767587	0.18553876176543305	0.2207232639139157	0.17536652290230184	0.1948582451298305	0.19312010951821618	0.20825656316420882	0.21112789771156504	0.2444194986283164	0.23222902345297736	0.17536652290230184	0.2305572069254928	0.17265507791591378	0.218672529555001	0.14412014841349238	0.25101038204265297	0.20499125869386792	0.1910221048704871	0.20190501540567318	0.20825656316420882	0.1615564078243784	0.1910221048704871	0.17920956723323422	0.15506643218150948	0.18666788340004897	0.17120501470780475	0.20240781135395203	0.2444194986283164	0.1634988574551521	0.1788781939203654	0.14874064941214804	0.17854950453545188	0.24653640027767587	0.23662644399026972	0.15423194282169847	0.15527796723869808	0.1548574154440637	0.16131953484337416	0.14800208491373187	0.23222902345297736	0.18666788340004897	0.1548574154440637	0.09998410535366731	0.21477686769367976	0.20660040067261123	0.20342753133711822	0.1966524080780005	0.22735198685539015	0.2433868009929111	0.20714721551151838	0.23222902345297736	0.2305572069254928
G000158955	0.1644968764975823	0.2055224332253041	0.3276549144508834	0.16500386094362157	0.21540830420900098	0.21934744644115023	0.14480395170011592	0.2093873845977167	0.1510218676894143	0.0	0.21934744644115023	0.15506643218150948	0.1766170869362342	0.23394828759700556	0.159684548811655	0.2444194986283164	0.1935497354276064	0.2117204608762137	0.26247455270352615	0.1684196650290719	0.17567738854540016	0.22213253749827977	0.15699582276060037	0.28604781058084794	0.19143504078638374	0.2357194255859042	0.20394447413525468	0.16603133693868677	0.2653421900839795	0.26108945054196464	0.3504702783083232	0.1910221048704871	0.23848088447154453	0.23848088447154453	0.24546887929073957	0.23848088447154453	0.2305572069254928	0.2055224332253041	0.16108273665049555	0.24653640027767587	0.2123188014747317	0.16787909470400164	0.3169477686964359	0.21415261469809568	0.25101038204265297	0.25337727496771145	0.14429104079566343	0.18939837615660138	0.17384312363007043	0.21540830420900098	0.21112789771156504	0.24986112559927015	0.2093873845977167	0.22813642001706028	0.24762491944345802	0.21800490608085682	0.1769348017571285	0.19530184255346789	0.21734455709591402	0.2207232639139157	0.26247455270352615	0.21800490608085682	0.20499125869386792	0.2055224332253041	0.20825656316420882	0.20140648046064907	0.14986817924453585	0.15570244714936787	0.23942977993725656	0.20190501540567318	0.24986112559927015	0.17384312363007043	0.16203534296686417	0.2683495390574761	0.2433868009929111	0.2820870274473271	0.2545965262129878	0.26991005616576047	0.2357194255859042	0.26247455270352615	0.2653421900839795	0.1819321103103758	0.23942977993725656	0.1812390872027614	0.2055224332253041	0.20140648046064907	0.21734455709591402	0.23308270492107322	0.2653421900839795	0.23662644399026972	0.16924002369732496	0.24873173960440456	0.16300655933356975	0.22505759462756314	0.15320700119227715	0.26108945054196464	0.21734455709591402	0.19711007399609232	0.20714721551151838	0.21477686769367976	0.16424537996637567	0.1769348017571285	0.1766170869362342	0.15656075327285804	0.20446571368220878	0.16525935150041954	0.19850559761578662	0.26682794331323434	0.15809880042278984	0.1766170869362342	0.1548574154440637	0.18939837615660138	0.25711143327125874	0.24653640027767587	0.15854711721043174	0.1572140687874734	0.13700761491931251	0.15044235738344394	0.09699597953888689	0.2653421900839795	0.19574829894890117	0.16551492912077642	0.15220305800193812	0.21800490608085682	0.2088191186537985	0.21669146392187277	0.20342753133711822	0.2357194255859042	0.26247455270352615	0.21934744644115023	0.23662644399026972	0.23754691420859134
G000163875	0.23308270492107322	0.19897873811118794	0.33588342363246515	0.22003101685243362	0.23222902345297736	0.22142421109400806	0.20825656316420882	0.2258126035470329	0.2160456081230803	0.21934744644115023	0.0	0.2207232639139157	0.21934744644115023	0.23482717926450708	0.2207232639139157	0.22357679863476257	0.24039503369398013	0.20342753133711822	0.2597337642165006	0.2305572069254928	0.23848088447154453	0.22735198685539015	0.22003101685243362	0.28812564029324994	0.22735198685539015	0.23482717926450708	0.20140648046064907	0.2444194986283164	0.2731545668227686	0.26389207279748966	0.36226032139107867	0.2029148766575945	0.2653421900839795	0.23482717926450708	0.25337727496771145	0.25840875040513483	0.24137670742214845	0.20240781135395203	0.21540830420900098	0.26108945054196464	0.21934744644115023	0.22505759462756314	0.34040718308838414	0.2258126035470329	0.2731545668227686	0.25840875040513483	0.22973899487760674	0.2207232639139157	0.23482717926450708	0.22284960942422377	0.22813642001706028	0.2653421900839795	0.22213253749827977	0.2258126035470329	0.26108945054196464	0.20996269672723128	0.21292293296994425	0.20240781135395203	0.21734455709591402	0.24762491944345802	0.2653421900839795	0.22003101685243362	0.22284960942422377	0.20769970560970222	0.21734455709591402	0.22003101685243362	0.24137670742214845	0.21292293296994425	0.22973899487760674	0.20499125869386792	0.25711143327125874	0.22813642001706028	0.20996269672723128	0.2653421900839795	0.2731545668227686	0.2820870274473271	0.2683495390574761	0.26247455270352615	0.25337727496771145	0.2820870274473271	0.27484196684537837	0.23308270492107322	0.21800490608085682	0.21669146392187277	0.20605924898358907	0.2055224332253041	0.22657648943489755	0.22657648943489755	0.26991005616576047	0.2683495390574761	0.23942977993725656	0.2653421900839795	0.218672529555001	0.2558416733307445	0.21934744644115023	0.2683495390574761	0.21934744644115023	0.19803666198016007	0.21353419835850074	0.22284960942422377	0.22003101685243362	0.24237348254622648	0.23662644399026972	0.23138720372649813	0.21800490608085682	0.218672529555001	0.22357679863476257	0.29027403426670284	0.21934744644115023	0.24137670742214845	0.22213253749827977	0.21054242275835122	0.2715111677956824	0.2597337642165006	0.21669146392187277	0.21540830420900098	0.22003101685243362	0.23138720372649813	0.22431278529329657	0.26389207279748966	0.19945609124340086	0.20996269672723128	0.21477686769367976	0.004144278971395994	0.22213253749827977	0.22284960942422377	0.2055224332253041	0.2357194255859042	0.25840875040513483	0.21669146392187277	0.2683495390574761	0.24137670742214845
G000203835	0.17265507791591378	0.20091219825034257	0.32389069425461553	0.17920956723323422	0.21934744644115023	0.21540830420900098	0.14763672789587404	0.21669146392187277	0.00795710142753435	0.15506643218150948	0.2207232639139157	0.0	0.16869134859372667	0.2207232639139157	0.16300655933356975	0.23138720372649813	0.1961989182718191	0.19143504078638374	0.23754691420859134	0.18158424477137006	0.19020464642320478	0.2123188014747317	0.15899941057386166	0.28403705611170943	0.1882111572246421	0.21934744644115023	0.19020464642320478	0.1750583118525563	0.25711143327125874	0.24873173960440456	0.34040718308838414	0.19850559761578662	0.22284960942422377	0.2305572069254928	0.22893253004811306	0.2444194986283164	0.21353419835850074	0.1966524080780005	0.160847252393782	0.23394828759700556	0.2093873845977167	0.1703536394403715	0.31373193148001866	0.2160456081230803	0.23942977993725656	0.23848088447154453	0.15899941057386166	0.18479761893721547	0.1851661787460195	0.21054242275835122	0.2093873845977167	0.23394828759700556	0.21054242275835122	0.21292293296994425	0.23848088447154453	0.2160456081230803	0.16577308858356002	0.19143504078638374	0.21669146392187277	0.21934744644115023	0.24986112559927015	0.2117204608762137	0.19945609124340086	0.18980011497417584	0.19945609124340086	0.1966524080780005	0.1622761668348268	0.09925102456779952	0.22973899487760674	0.18628832938500356	0.23222902345297736	0.1805543369744625	0.16500386094362157	0.25840875040513483	0.2558416733307445	0.2653421900839795	0.2444194986283164	0.2558416733307445	0.23308270492107322	0.25101038204265297	0.2558416733307445	0.1878218295064742	0.22735198685539015	0.17725391782732636	0.19574829894890117	0.19574829894890117	0.2093873845977167	0.2123188014747317	0.2558416733307445	0.23482717926450708	0.17567738854540016	0.23482717926450708	0.1732457158941927	0.21734455709591402	0.14620016605674357	0.25101038204265297	0.20660040067261123	0.19143504078638374	0.20499125869386792	0.2123188014747317	0.1644968764975823	0.18939837615660138	0.1812390872027614	0.15787659392713846	0.1910221048704871	0.17384312363007043	0.20714721551151838	0.24653640027767587	0.16577308858356002	0.1805543369744625	0.15220305800193812	0.17789762834242734	0.24873173960440456	0.24237348254622648	0.15832230780265713	0.15899941057386166	0.15699582276060037	0.1647497030509989	0.1508286478302358	0.23754691420859134	0.18705019610076667	0.15634516080273697	0.10225859561159628	0.21477686769367976	0.2088191186537985	0.2088191186537985	0.19945609124340086	0.22973899487760674	0.24873173960440456	0.20769970560970222	0.23482717926450708	0.23482717926450708
G000204605	0.17354309992671846	0.20769970560970222	0.3106659991430135	0.1769348017571285	0.23662644399026972	0.218672529555001	0.1700738259125545	0.22357679863476257	0.16707896527386734	0.1766170869362342	0.21934744644115023	0.16869134859372667	0.0	0.21800490608085682	0.17414452876213368	0.22431278529329657	0.20394447413525468	0.20825656316420882	0.24137670742214845	0.1833456188313577	0.1935497354276064	0.21540830420900098	0.17854950453545188	0.2924965377783548	0.19897873811118794	0.21800490608085682	0.1966524080780005	0.18443051893457643	0.24762491944345802	0.24762491944345802	0.3276549144508834	0.19897873811118794	0.22973899487760674	0.22213253749827977	0.23394828759700556	0.2357194255859042	0.22142421109400806	0.2093873845977167	0.16603133693868677	0.23138720372649813	0.21800490608085682	0.1795423574944602	0.3049347968005296	0.2207232639139157	0.23662644399026972	0.23942977993725656	0.1769348017571285	0.1935497354276064	0.19574829894890117	0.22003101685243362	0.20996269672723128	0.22142421109400806	0.20825656316420882	0.21540830420900098	0.2357194255859042	0.20825656316420882	0.17414452876213368	0.19945609124340086	0.21112789771156504	0.20499125869386792	0.23482717926450708	0.20825656316420882	0.2029148766575945	0.19711007399609232	0.2093873845977167	0.1961989182718191	0.17789762834242734	0.1700738259125545	0.2123188014747317	0.19398219792066304	0.22813642001706028	0.18479761893721547	0.16577308858356002	0.2545965262129878	0.24986112559927015	0.25711143327125874	0.23848088447154453	0.24039503369398013	0.22142421109400806	0.25711143327125874	0.24986112559927015	0.19897873811118794	0.2160456081230803	0.17536652290230184	0.2055224332253041	0.20714721551151838	0.22431278529329657	0.2258126035470329	0.2558416733307445	0.22431278529329657	0.17475275217749242	0.23848088447154453	0.18228268751555812	0.22893253004811306	0.1766170869362342	0.24873173960440456	0.20996269672723128	0.19993766487023476	0.20240781135395203	0.21934744644115023	0.1851661787460195	0.18089536117269608	0.19185207866623355	0.17920956723323422	0.19803666198016007	0.17384312363007043	0.2055224332253041	0.24137670742214845	0.1851661787460195	0.1910221048704871	0.16951701904878985	0.1910221048704871	0.24653640027767587	0.23222902345297736	0.1684196650290719	0.16951701904878985	0.17444731694068588	0.17789762834242734	0.1729497090851328	0.24546887929073957	0.19574829894890117	0.16424537996637567	0.1622761668348268	0.21292293296994425	0.21112789771156504	0.2088191186537985	0.19757192350759648	0.22213253749827977	0.24137670742214845	0.2088191186537985	0.22431278529329657	0.22973899487760674
G000213055	0.24137670742214845	0.21800490608085682	0.3504702783083232	0.23754691420859134	0.2545965262129878	0.25101038204265297	0.23222902345297736	0.2444194986283164	0.21734455709591402	0.23394828759700556	0.23482717926450708	0.2207232639139157	0.21800490608085682	0.0	0.22003101685243362	0.26682794331323434	0.23222902345297736	0.22657648943489755	0.26247455270352615	0.24762491944345802	0.25101038204265297	0.24986112559927015	0.22735198685539015	0.2820870274473271	0.21934744644115023	0.24546887929073957	0.21669146392187277	0.24762491944345802	0.2801958129262342	0.26991005616576047	0.32389069425461553	0.21669146392187277	0.24546887929073957	0.24873173960440456	0.25711143327125874	0.24653640027767587	0.2433868009929111	0.218672529555001	0.21415261469809568	0.2597337642165006	0.23848088447154453	0.23308270492107322	0.33588342363246515	0.25101038204265297	0.26247455270352615	0.26389207279748966	0.23848088447154453	0.22657648943489755	0.24137670742214845	0.24137670742214845	0.24039503369398013	0.26108945054196464	0.24039503369398013	0.24137670742214845	0.2683495390574761	0.2433868009929111	0.22431278529329657	0.21054242275835122	0.24237348254622648	0.24653640027767587	0.24873173960440456	0.22142421109400806	0.2258126035470329	0.21054242275835122	0.23662644399026972	0.22357679863476257	0.23942977993725656	0.22003101685243362	0.22735198685539015	0.2160456081230803	0.2597337642165006	0.2258126035470329	0.21477686769367976	0.28604781058084794	0.2715111677956824	0.29718727553283053	0.27484196684537837	0.26682794331323434	0.24546887929073957	0.28604781058084794	0.27484196684537837	0.24873173960440456	0.23662644399026972	0.22735198685539015	0.2160456081230803	0.22284960942422377	0.2653421900839795	0.24986112559927015	0.2820870274473271	0.25218239713973195	0.24237348254622648	0.26247455270352615	0.22657648943489755	0.24653640027767587	0.2207232639139157	0.26682794331323434	0.23754691420859134	0.22284960942422377	0.22357679863476257	0.2433868009929111	0.2258126035470329	0.23848088447154453	0.24653640027767587	0.2433868009929111	0.23222902345297736	0.23662644399026972	0.23222902345297736	0.2731545668227686	0.22735198685539015	0.24762491944345802	0.22357679863476257	0.21292293296994425	0.26682794331323434	0.2558416733307445	0.21734455709591402	0.23138720372649813	0.23482717926450708	0.23662644399026972	0.23942977993725656	0.2801958129262342	0.22735198685539015	0.2160456081230803	0.2088191186537985	0.2305572069254928	0.24137670742214845	0.23222902345297736	0.21353419835850074	0.25218239713973195	0.28812564029324994	0.22505759462756314	0.25218239713973195	0.25711143327125874
G000225525	0.17414452876213368	0.18900071219777415	0.3276549144508834	0.16924002369732496	0.2258126035470329	0.2207232639139157	0.15899941057386166	0.22003101685243362	0.16131953484337416	0.159684548811655	0.2207232639139157	0.16300655933356975	0.17414452876213368	0.22003101685243362	0.0	0.23394828759700556	0.18900071219777415	0.19530184255346789	0.24546887929073957	0.17630203663742802	0.1886045448927731	0.2123188014747317	0.15570244714936787	0.2820870274473271	0.19020464642320478	0.21734455709591402	0.2029148766575945	0.1750583118525563	0.25711143327125874	0.2444194986283164	0.34040718308838414	0.19757192350759648	0.2357194255859042	0.2357194255859042	0.2305572069254928	0.23482717926450708	0.22735198685539015	0.20342753133711822	0.1634988574551521	0.24237348254622648	0.2123188014747317	0.1729497090851328	0.32032765459644164	0.21934744644115023	0.24137670742214845	0.25840875040513483	0.1592268961022512	0.18705019610076667	0.18900071219777415	0.21353419835850074	0.21734455709591402	0.23308270492107322	0.21415261469809568	0.22142421109400806	0.2444194986283164	0.20996269672723128	0.17063606834903128	0.1882111572246421	0.21734455709591402	0.21800490608085682	0.24762491944345802	0.21054242275835122	0.20240781135395203	0.1948582451298305	0.19897873811118794	0.19803666198016007	0.16734516358982282	0.16399521214833243	0.22893253004811306	0.1874339876961904	0.23754691420859134	0.1769348017571285	0.16525935150041954	0.25337727496771145	0.26682794331323434	0.26108945054196464	0.2558416733307445	0.25840875040513483	0.22735198685539015	0.2558416733307445	0.26247455270352615	0.1878218295064742	0.21734455709591402	0.17725391782732636	0.20042346693072297	0.19897873811118794	0.2207232639139157	0.21292293296994425	0.24546887929073957	0.2433868009929111	0.17757570402434103	0.23662644399026972	0.16814933116382516	0.22973899487760674	0.16203534296686417	0.25840875040513483	0.20240781135395203	0.19945609124340086	0.20769970560970222	0.20825656316420882	0.1647497030509989	0.18228268751555812	0.1829894392148185	0.1662909224697178	0.19850559761578662	0.17236182081170567	0.20499125869386792	0.2545965262129878	0.16300655933356975	0.1837058003084337	0.16374637174233103	0.1829894392148185	0.25840875040513483	0.2433868009929111	0.12950419600980578	0.16869134859372667	0.1362757120579208	0.16399521214833243	0.15899941057386166	0.25711143327125874	0.20042346693072297	0.1647497030509989	0.16203534296686417	0.218672529555001	0.21477686769367976	0.20190501540567318	0.1961989182718191	0.23482717926450708	0.25218239713973195	0.21540830420900098	0.2433868009929111	0.23138720372649813
