30
G000250675	0.0000000	0.2044657	0.2088191	0.2423735	0.2668279	0.2207233	0.2487317	0.2228496	0.2305572	0.2545965	0.2141526	0.1538193	0.1870502	0.2123188	0.2082566	0.2322290	0.2180049	0.2384809	0.2765765	0.2339483	0.2258126	0.2088191	0.2423735	0.1999377	0.2166915	0.1939822	0.1926946	0.2330827	0.2366264	0.2200310
G000284035	0.2044657	0.0000000	0.1918521	0.2221325	0.2200310	0.1980367	0.2384809	0.2154083	0.2243128	0.2228496	0.2019050	0.2029149	0.1939822	0.1980367	0.2099627	0.2166915	0.2160456	0.2403950	0.2454689	0.2250576	0.2221325	0.1918521	0.2193474	0.1851662	0.1989787	0.1948582	0.2004235	0.2221325	0.2173446	0.2093874
G000308355	0.2088191	0.1918521	0.0000000	0.2403950	0.2533773	0.1944188	0.2510104	0.2099627	0.2117205	0.2394298	0.2009122	0.2019050	0.1961989	0.1544396	0.2305572	0.2193474	0.2147769	0.2444195	0.2668279	0.2180049	0.2160456	0.0000979	0.2423735	0.1837058	0.1918521	0.2093874	0.2034275	0.2228496	0.2082566	0.1313081
G000308495	0.2423735	0.2221325	0.2403950	0.0000000	0.2330827	0.2273520	0.2731546	0.2384809	0.2624746	0.1213729	0.2339483	0.2476249	0.2273520	0.2533773	0.2521824	0.2498611	0.2476249	0.2584088	0.2715112	0.2498611	0.2624746	0.2423735	0.2060592	0.2193474	0.2465364	0.2305572	0.2258126	0.2454689	0.2668279	0.2510104
G000308515	0.2668279	0.2200310	0.2533773	0.2330827	0.0000000	0.2454689	0.2902740	0.2653422	0.2820870	0.2297390	0.2533773	0.2653422	0.2413767	0.2668279	0.2731546	0.2624746	0.2610895	0.2881256	0.2840371	0.2545965	0.2571114	0.2533773	0.1738431	0.2498611	0.2683495	0.2510104	0.2384809	0.2715112	0.2765765	0.2638921
G000308595	0.2207233	0.1980367	0.1944188	0.2273520	0.2454689	0.0000000	0.2375469	0.2214242	0.2258126	0.2375469	0.1935497	0.2147769	0.1971101	0.2014065	0.2250576	0.2330827	0.2273520	0.2433868	0.2584088	0.2235768	0.2322290	0.1944188	0.2305572	0.1534107	0.2076997	0.2034275	0.2060592	0.2200310	0.2305572	0.2123188
G000308615	0.2487317	0.2384809	0.2510104	0.2731546	0.2902740	0.2375469	0.0000000	0.2384809	0.2322290	0.2731546	0.2403950	0.2510104	0.2423735	0.2498611	0.2394298	0.2273520	0.2117205	0.2265765	0.2765765	0.2180049	0.2305572	0.2498611	0.2715112	0.2413767	0.2433868	0.2487317	0.2454689	0.2180049	0.2348272	0.2454689
G000308635	0.2228496	0.2154083	0.2099627	0.2384809	0.2653422	0.2214242	0.2384809	0.0000000	0.1862883	0.2571114	0.2384809	0.2281364	0.2235768	0.2313872	0.2366264	0.2235768	0.2173446	0.2394298	0.2731546	0.2243128	0.2305572	0.2093874	0.2521824	0.2060592	0.2250576	0.2258126	0.2214242	0.2273520	0.1822827	0.2339483
G000308655	0.2305572	0.2243128	0.2117205	0.2624746	0.2820870	0.2258126	0.2322290	0.1862883	0.0000000	0.2624746	0.2160456	0.2305572	0.2305572	0.2111279	0.2444195	0.2273520	0.2160456	0.2454689	0.2860478	0.2235768	0.2357194	0.2117205	0.2731546	0.2166915	0.2366264	0.2228496	0.2273520	0.2173446	0.1278872	0.2289325
G000308675	0.2545965	0.2228496	0.2394298	0.1213729	0.2297390	0.2375469	0.2731546	0.2571114	0.2624746	0.0000000	0.2375469	0.2533773	0.2366264	0.2610895	0.2533773	0.2510104	0.2454689	0.2715112	0.2748420	0.2423735	0.2610895	0.2394298	0.2186725	0.2273520	0.2521824	0.2330827	0.2423735	0.2465364	0.2597338	0.2476249
G000308695	0.2141526	0.2019050	0.2009122	0.2339483	0.2533773	0.1935497	0.2403950	0.2384809	0.2160456	0.2375469	0.0000000	0.2082566	0.2039445	0.1906120	0.2273520	0.2357194	0.2235768	0.2454689	0.2610895	0.2357194	0.2289325	0.2009122	0.2322290	0.1961989	0.1348452	0.2014065	0.2088191	0.2313872	0.2243128	0.2141526
G000308715	0.1538193	0.2029149	0.2019050	0.2476249	0.2653422	0.2147769	0.2510104	0.2281364	0.2305572	0.2533773	0.2082566	0.0000000	0.1859128	0.2066004	0.2141526	0.2243128	0.2305572	0.2357194	0.2558417	0.2330827	0.2173446	0.2019050	0.2498611	0.1953018	0.2111279	0.1948582	0.1994561	0.2322290	0.2250576	0.2186725
G000308755	0.1870502	0.1939822	0.1961989	0.2273520	0.2413767	0.1971101	0.2423735	0.2235768	0.2305572	0.2366264	0.2039445	0.1859128	0.0000000	0.2076997	0.2004235	0.2273520	0.2160456	0.2375469	0.2166915	0.2384809	0.2099627	0.1961989	0.2384809	0.1788782	0.2105424	0.1263223	0.1313081	0.2214242	0.2258126	0.2129229
G000308795	0.2123188	0.1980367	0.1544396	0.2533773	0.2668279	0.2014065	0.2498611	0.2313872	0.2111279	0.2610895	0.1906120	0.2066004	0.2076997	0.0000000	0.2339483	0.2228496	0.2250576	0.2433868	0.2783601	0.2265765	0.2250576	0.1544396	0.2545965	0.1870502	0.2154083	0.2088191	0.2076997	0.2207233	0.2200310	0.1723618
G000308835	0.2082566	0.2099627	0.2305572	0.2521824	0.2731546	0.2250576	0.2394298	0.2366264	0.2444195	0.2533773	0.2273520	0.2141526	0.2004235	0.2339483	0.0000000	0.2357194	0.2330827	0.2465364	0.2571114	0.2423735	0.2313872	0.2305572	0.2498611	0.2200310	0.2180049	0.2111279	0.2071472	0.2322290	0.2465364	0.2403950
G000308855	0.2322290	0.2166915	0.2193474	0.2498611	0.2624746	0.2330827	0.2273520	0.2235768	0.2273520	0.2510104	0.2357194	0.2243128	0.2273520	0.2228496	0.2357194	0.0000000	0.1994561	0.2339483	0.2801958	0.1630066	0.2166915	0.2193474	0.2444195	0.2214242	0.2403950	0.2258126	0.2273520	0.1327737	0.2322290	0.2339483
G000308875	0.2180049	0.2160456	0.2147769	0.2476249	0.2610895	0.2273520	0.2117205	0.2173446	0.2160456	0.2454689	0.2235768	0.2305572	0.2160456	0.2250576	0.2330827	0.1994561	0.0000000	0.2117205	0.2731546	0.1935497	0.1606118	0.2147769	0.2476249	0.2093874	0.2250576	0.2160456	0.2221325	0.1980367	0.2082566	0.2200310
G000381925	0.2384809	0.2403950	0.2444195	0.2584088	0.2881256	0.2433868	0.2265765	0.2394298	0.2454689	0.2715112	0.2454689	0.2357194	0.2375469	0.2433868	0.2465364	0.2339483	0.2117205	0.0000000	0.2860478	0.2265765	0.2160456	0.2454689	0.2765765	0.2413767	0.2510104	0.2413767	0.2444195	0.2281364	0.2384809	0.2444195
G000482385	0.2765765	0.2454689	0.2668279	0.2715112	0.2840371	0.2584088	0.2765765	0.2731546	0.2860478	0.2748420	0.2610895	0.2558417	0.2166915	0.2783601	0.2571114	0.2801958	0.2731546	0.2860478	0.0000000	0.2765765	0.2765765	0.2668279	0.2902740	0.2510104	0.2748420	0.2273520	0.2297390	0.2765765	0.2971873	0.2624746
G000523235	0.2339483	0.2250576	0.2180049	0.2498611	0.2545965	0.2235768	0.2180049	0.2243128	0.2235768	0.2423735	0.2357194	0.2330827	0.2384809	0.2265765	0.2423735	0.1630066	0.1935497	0.2265765	0.2765765	0.0000000	0.2076997	0.2180049	0.2597338	0.2154083	0.2423735	0.2366264	0.2313872	0.1534107	0.2281364	0.2228496
G000526215	0.2258126	0.2221325	0.2160456	0.2624746	0.2571114	0.2322290	0.2305572	0.2305572	0.2357194	0.2610895	0.2289325	0.2173446	0.2099627	0.2250576	0.2313872	0.2166915	0.1606118	0.2160456	0.2765765	0.2076997	0.0000000	0.2160456	0.2571114	0.2173446	0.2454689	0.2250576	0.2221325	0.2129229	0.2258126	0.2273520
G000719275	0.2088191	0.1918521	0.0000979	0.2423735	0.2533773	0.1944188	0.2498611	0.2093874	0.2117205	0.2394298	0.2009122	0.2019050	0.1961989	0.1544396	0.2305572	0.2193474	0.2147769	0.2454689	0.2668279	0.2180049	0.2160456	0.0000000	0.2423735	0.1837058	0.1918521	0.2093874	0.2034275	0.2228496	0.2082566	0.1315714
G000720425	0.2423735	0.2193474	0.2423735	0.2060592	0.1738431	0.2305572	0.2715112	0.2521824	0.2731546	0.2186725	0.2322290	0.2498611	0.2384809	0.2545965	0.2498611	0.2444195	0.2476249	0.2765765	0.2902740	0.2597338	0.2571114	0.2423735	0.0000000	0.2322290	0.2433868	0.2465364	0.2366264	0.2476249	0.2610895	0.2545965
G001182745	0.1999377	0.1851662	0.1837058	0.2193474	0.2498611	0.1534107	0.2413767	0.2060592	0.2166915	0.2273520	0.1961989	0.1953018	0.1788782	0.1870502	0.2200310	0.2214242	0.2093874	0.2413767	0.2510104	0.2154083	0.2173446	0.1837058	0.2322290	0.0000000	0.2060592	0.1902046	0.1862883	0.2076997	0.2265765	0.2066004
G001310275	0.2166915	0.1989787	0.1918521	0.2465364	0.2683495	0.2076997	0.2433868	0.2250576	0.2366264	0.2521824	0.1348452	0.2111279	0.2105424	0.2154083	0.2180049	0.2403950	0.2250576	0.2510104	0.2748420	0.2423735	0.2454689	0.1918521	0.2433868	0.2060592	0.0000000	0.2111279	0.2129229	0.2357194	0.2366264	0.2330827
G001612765	0.1939822	0.1948582	0.2093874	0.2305572	0.2510104	0.2034275	0.2487317	0.2258126	0.2228496	0.2330827	0.2014065	0.1948582	0.1263223	0.2088191	0.2111279	0.2258126	0.2160456	0.2413767	0.2273520	0.2366264	0.2250576	0.2093874	0.2465364	0.1902046	0.2111279	0.0000000	0.0926927	0.2200310	0.2235768	0.2200310
G001613465	0.1926946	0.2004235	0.2034275	0.2258126	0.2384809	0.2060592	0.2454689	0.2214242	0.2273520	0.2423735	0.2088191	0.1994561	0.1313081	0.2076997	0.2071472	0.2273520	0.2221325	0.2444195	0.2297390	0.2313872	0.2221325	0.2034275	0.2366264	0.1862883	0.2129229	0.0926927	0.0000000	0.2289325	0.2313872	0.2173446
G001613505	0.2330827	0.2221325	0.2228496	0.2454689	0.2715112	0.2200310	0.2180049	0.2273520	0.2173446	0.2465364	0.2313872	0.2322290	0.2214242	0.2207233	0.2322290	0.1327737	0.1980367	0.2281364	0.2765765	0.1534107	0.2129229	0.2228496	0.2476249	0.2076997	0.2357194	0.2200310	0.2289325	0.0000000	0.2193474	0.2250576
G001865855	0.2366264	0.2173446	0.2082566	0.2668279	0.2765765	0.2305572	0.2348272	0.1822827	0.1278872	0.2597338	0.2243128	0.2250576	0.2258126	0.2200310	0.2465364	0.2322290	0.2082566	0.2384809	0.2971873	0.2281364	0.2258126	0.2082566	0.2610895	0.2265765	0.2366264	0.2235768	0.2313872	0.2193474	0.0000000	0.2228496
G001886715	0.2200310	0.2093874	0.1313081	0.2510104	0.2638921	0.2123188	0.2454689	0.2339483	0.2289325	0.2476249	0.2141526	0.2186725	0.2129229	0.1723618	0.2403950	0.2339483	0.2200310	0.2444195	0.2624746	0.2228496	0.2273520	0.1315714	0.2545965	0.2066004	0.2330827	0.2200310	0.2173446	0.2250576	0.2228496	0.0000000
