30
G000016325	0.0000000	0.1610827	0.2014065	0.2129229	0.2166915	0.2207233	0.2060592	0.2200310	0.2476249	0.1953018	0.2597338	0.2214242	0.2289325	0.1989787	0.1594545	0.2731546	0.2082566	0.2014065	0.1732457	0.2289325	0.2243128	0.2117205	0.2123188	0.2141526	0.2160456	0.2228496	0.2082566	0.2105424	0.1980367	0.2366264
G000025565	0.1610827	0.0000000	0.1902046	0.2088191	0.1975719	0.1985056	0.1808954	0.2004235	0.2444195	0.2039445	0.2668279	0.2034275	0.2193474	0.1878218	0.1185718	0.2584088	0.1906120	0.1985056	0.1596845	0.2180049	0.2207233	0.1985056	0.1882112	0.1808954	0.1890007	0.2305572	0.1975719	0.1785495	0.1886045	0.2423735
G000164865	0.2014065	0.1902046	0.0000000	0.2029149	0.1902046	0.1882112	0.1902046	0.2214242	0.2214242	0.2076997	0.2375469	0.2019050	0.2099627	0.1966524	0.1890007	0.2571114	0.1906120	0.1833456	0.2004235	0.1893984	0.2093874	0.1914350	0.2049913	0.2066004	0.1914350	0.2297390	0.1819321	0.1944188	0.2034275	0.2521824
G000195995	0.2129229	0.2088191	0.2029149	0.0000000	0.2111279	0.2044657	0.2173446	0.2235768	0.2297390	0.2160456	0.2498611	0.2273520	0.2330827	0.1592269	0.1918521	0.2571114	0.2082566	0.2147769	0.2147769	0.2444195	0.2423735	0.2214242	0.2214242	0.2019050	0.2024078	0.2235768	0.2111279	0.1735431	0.2019050	0.2653422
G000215745	0.2166915	0.1975719	0.1902046	0.2111279	0.0000000	0.1310460	0.1647497	0.2289325	0.2297390	0.2141526	0.2476249	0.2180049	0.2173446	0.2093874	0.2039445	0.2731546	0.1994561	0.1999377	0.2029149	0.2105424	0.2221325	0.2093874	0.2250576	0.2154083	0.1703536	0.2193474	0.2099627	0.2034275	0.1957483	0.2521824
G000240185	0.2207233	0.1985056	0.1882112	0.2044657	0.1310460	0.0000000	0.1585471	0.2221325	0.2375469	0.2071472	0.2638921	0.2088191	0.2141526	0.1732457	0.2004235	0.2699101	0.2049913	0.2044657	0.2019050	0.1985056	0.2258126	0.2004235	0.2117205	0.2060592	0.1506343	0.2330827	0.2034275	0.2060592	0.1985056	0.2668279
G000247895	0.2060592	0.1808954	0.1902046	0.2173446	0.1647497	0.1585471	0.0000000	0.2154083	0.2375469	0.2123188	0.2413767	0.2049913	0.2200310	0.2004235	0.1922719	0.2653422	0.1805543	0.1999377	0.1910221	0.2154083	0.2221325	0.2024078	0.1878218	0.1893984	0.1467338	0.2273520	0.1961989	0.1931201	0.1826347	0.2668279
G000248015	0.2200310	0.2004235	0.2214242	0.2235768	0.2289325	0.2221325	0.2154083	0.0000000	0.2384809	0.2250576	0.2510104	0.2009122	0.2173446	0.2135342	0.1918521	0.2840371	0.2193474	0.2289325	0.2088191	0.2339483	0.2403950	0.2235768	0.1902046	0.2093874	0.2221325	0.2330827	0.2147769	0.2029149	0.2160456	0.2545965
G000262305	0.2476249	0.2444195	0.2214242	0.2297390	0.2297390	0.2375469	0.2375469	0.2384809	0.0000000	0.2348272	0.2413767	0.2330827	0.2322290	0.2413767	0.2375469	0.2545965	0.2413767	0.2413767	0.2384809	0.2330827	0.2433868	0.2348272	0.2160456	0.2366264	0.2433868	0.2454689	0.2394298	0.2423735	0.2465364	0.2476249
G000300455	0.1953018	0.2039445	0.2076997	0.2160456	0.2141526	0.2071472	0.2123188	0.2250576	0.2348272	0.0000000	0.2498611	0.2200310	0.2180049	0.2166915	0.2055224	0.2668279	0.2154083	0.2105424	0.2019050	0.2289325	0.2322290	0.2024078	0.2055224	0.1926946	0.2186725	0.2348272	0.1999377	0.2099627	0.2193474	0.2521824
G000302695	0.2597338	0.2668279	0.2375469	0.2498611	0.2476249	0.2638921	0.2413767	0.2510104	0.2413767	0.2498611	0.0000000	0.2186725	0.2433868	0.2558417	0.2423735	0.2683495	0.2498611	0.2521824	0.2571114	0.2384809	0.2348272	0.2433868	0.2243128	0.2533773	0.2521824	0.2498611	0.2487317	0.2510104	0.2510104	0.2668279
G000463155	0.2214242	0.2034275	0.2019050	0.2273520	0.2180049	0.2088191	0.2049913	0.2009122	0.2330827	0.2200310	0.2186725	0.0000000	0.2009122	0.2082566	0.1961989	0.2638921	0.2088191	0.2166915	0.1961989	0.2039445	0.2111279	0.1898001	0.1788782	0.2099627	0.2123188	0.2305572	0.2060592	0.1994561	0.2039445	0.2413767
G000621185	0.2289325	0.2193474	0.2099627	0.2330827	0.2173446	0.2141526	0.2200310	0.2173446	0.2322290	0.2180049	0.2433868	0.2009122	0.0000000	0.2339483	0.2111279	0.2610895	0.2357194	0.2160456	0.2235768	0.2366264	0.2243128	0.2088191	0.1766171	0.2366264	0.2289325	0.2394298	0.2273520	0.2357194	0.2297390	0.2498611
G000648515	0.1989787	0.1878218	0.1966524	0.1592269	0.2093874	0.1732457	0.2004235	0.2135342	0.2413767	0.2166915	0.2558417	0.2082566	0.2339483	0.0000000	0.1729497	0.2545965	0.1862883	0.2082566	0.2009122	0.2258126	0.2250576	0.2071472	0.2055224	0.1902046	0.1785495	0.2154083	0.2111279	0.1474541	0.1833456	0.2584088
G000694955	0.1594545	0.1185718	0.1890007	0.1918521	0.2039445	0.2004235	0.1922719	0.1918521	0.2375469	0.2055224	0.2423735	0.1961989	0.2111279	0.1729497	0.0000000	0.2624746	0.1931201	0.2004235	0.1538193	0.2111279	0.2160456	0.1918521	0.1805543	0.1480021	0.1613195	0.2193474	0.1944188	0.1866679	0.1805543	0.2498611
G000705335	0.2731546	0.2584088	0.2571114	0.2571114	0.2731546	0.2699101	0.2653422	0.2840371	0.2545965	0.2668279	0.2683495	0.2638921	0.2610895	0.2545965	0.2624746	0.0000000	0.2683495	0.2699101	0.2668279	0.2801958	0.2653422	0.2699101	0.2638921	0.2545965	0.2860478	0.2840371	0.2683495	0.2584088	0.2683495	0.2668279
G000735365	0.2082566	0.1906120	0.1906120	0.2082566	0.1994561	0.2049913	0.1805543	0.2193474	0.2413767	0.2154083	0.2498611	0.2088191	0.2357194	0.1862883	0.1931201	0.2683495	0.0000000	0.2066004	0.1753665	0.1961989	0.2348272	0.2029149	0.1948582	0.1985056	0.1826347	0.2305572	0.2141526	0.2039445	0.1334544	0.2413767
G000735455	0.2014065	0.1985056	0.1833456	0.2147769	0.1999377	0.2044657	0.1999377	0.2289325	0.2413767	0.2105424	0.2521824	0.2166915	0.2160456	0.2082566	0.2004235	0.2699101	0.2066004	0.0000000	0.2009122	0.2129229	0.2049913	0.2076997	0.2166915	0.2154083	0.2117205	0.2330827	0.1808954	0.2088191	0.2029149	0.2510104
G000735515	0.1732457	0.1596845	0.2004235	0.2147769	0.2029149	0.2019050	0.1910221	0.2088191	0.2384809	0.2019050	0.2571114	0.1961989	0.2235768	0.2009122	0.1538193	0.2668279	0.1753665	0.2009122	0.0000000	0.1944188	0.2173446	0.1926946	0.1944188	0.1989787	0.2009122	0.2297390	0.2093874	0.1989787	0.1922719	0.2454689
G000757785	0.2289325	0.2180049	0.1893984	0.2444195	0.2105424	0.1985056	0.2154083	0.2339483	0.2330827	0.2289325	0.2384809	0.2039445	0.2366264	0.2258126	0.2111279	0.2801958	0.1961989	0.2129229	0.1944188	0.0000000	0.2289325	0.2049913	0.2243128	0.2330827	0.2076997	0.2339483	0.2235768	0.2289325	0.2180049	0.2820870
G000757825	0.2243128	0.2207233	0.2093874	0.2423735	0.2221325	0.2258126	0.2221325	0.2403950	0.2433868	0.2322290	0.2348272	0.2111279	0.2243128	0.2250576	0.2160456	0.2653422	0.2348272	0.2049913	0.2173446	0.2289325	0.0000000	0.2193474	0.2193474	0.2357194	0.2313872	0.2375469	0.2141526	0.2357194	0.2200310	0.2243128
G000759795	0.2117205	0.1985056	0.1914350	0.2214242	0.2093874	0.2004235	0.2024078	0.2235768	0.2348272	0.2024078	0.2433868	0.1898001	0.2088191	0.2071472	0.1918521	0.2699101	0.2029149	0.2076997	0.1926946	0.2049913	0.2193474	0.0000000	0.2099627	0.2200310	0.2049913	0.2214242	0.2076997	0.2147769	0.2088191	0.2558417
G000982825	0.2123188	0.1882112	0.2049913	0.2214242	0.2250576	0.2117205	0.1878218	0.1902046	0.2160456	0.2055224	0.2243128	0.1788782	0.1766171	0.2055224	0.1805543	0.2638921	0.1948582	0.2166915	0.1944188	0.2243128	0.2193474	0.2099627	0.0000000	0.2024078	0.1975719	0.2403950	0.2099627	0.2039445	0.2093874	0.2433868
G001022135	0.2141526	0.1808954	0.2066004	0.2019050	0.2154083	0.2060592	0.1893984	0.2093874	0.2366264	0.1926946	0.2533773	0.2099627	0.2366264	0.1902046	0.1480021	0.2545965	0.1985056	0.2154083	0.1989787	0.2330827	0.2357194	0.2200310	0.2024078	0.0000000	0.1632514	0.2330827	0.2147769	0.1980367	0.1944188	0.2510104
G001022195	0.2160456	0.1890007	0.1914350	0.2024078	0.1703536	0.1506343	0.1467338	0.2221325	0.2433868	0.2186725	0.2521824	0.2123188	0.2289325	0.1785495	0.1613195	0.2860478	0.1826347	0.2117205	0.2009122	0.2076997	0.2313872	0.2049913	0.1975719	0.1632514	0.0000000	0.2235768	0.2186725	0.2039445	0.1851662	0.2653422
G001187865	0.2228496	0.2305572	0.2297390	0.2235768	0.2193474	0.2330827	0.2273520	0.2330827	0.2454689	0.2348272	0.2498611	0.2305572	0.2394298	0.2154083	0.2193474	0.2840371	0.2305572	0.2330827	0.2297390	0.2339483	0.2375469	0.2214242	0.2403950	0.2330827	0.2235768	0.0000000	0.2265765	0.2186725	0.2258126	0.2731546
G001297765	0.2082566	0.1975719	0.1819321	0.2111279	0.2099627	0.2034275	0.1961989	0.2147769	0.2394298	0.1999377	0.2487317	0.2060592	0.2273520	0.2111279	0.1944188	0.2683495	0.2141526	0.1808954	0.2093874	0.2235768	0.2141526	0.2076997	0.2099627	0.2147769	0.2186725	0.2265765	0.0000000	0.1926946	0.2088191	0.2715112
G001558935	0.2105424	0.1785495	0.1944188	0.1735431	0.2034275	0.2060592	0.1931201	0.2029149	0.2423735	0.2099627	0.2510104	0.1994561	0.2357194	0.1474541	0.1866679	0.2584088	0.2039445	0.2088191	0.1989787	0.2289325	0.2357194	0.2147769	0.2039445	0.1980367	0.2039445	0.2186725	0.1926946	0.0000000	0.1926946	0.2454689
G001571285	0.1980367	0.1886045	0.2034275	0.2019050	0.1957483	0.1985056	0.1826347	0.2160456	0.2465364	0.2193474	0.2510104	0.2039445	0.2297390	0.1833456	0.1805543	0.2683495	0.1334544	0.2029149	0.1922719	0.2180049	0.2200310	0.2088191	0.2093874	0.1944188	0.1851662	0.2258126	0.2088191	0.1926946	0.0000000	0.2413767
G001654915	0.2366264	0.2423735	0.2521824	0.2653422	0.2521824	0.2668279	0.2668279	0.2545965	0.2476249	0.2521824	0.2668279	0.2413767	0.2498611	0.2584088	0.2498611	0.2668279	0.2413767	0.2510104	0.2454689	0.2820870	0.2243128	0.2558417	0.2433868	0.2510104	0.2653422	0.2731546	0.2715112	0.2454689	0.2413767	0.0000000
