50
G000010525	0.0	0.29718727553283053	0.3764506193583299	0.29718727553283053	0.3276549144508834	0.34525307337277605	0.3561146051231944	0.21353419835850074	0.23942977993725656	0.32032765459644164	0.34525307337277605	0.33588342363246515	0.29718727553283053	0.29479823755555046	0.33588342363246515	0.32032765459644164	0.32389069425461553	0.30773764412939153	0.331643501310515	0.3106659991430135	0.2558416733307445	0.32389069425461553	0.331643501310515	0.331643501310515	0.32389069425461553	0.14818483018721884	0.31373193148001866	0.34040718308838414	0.30773764412939153	0.20825656316420882	0.34040718308838414	0.25218239713973195	0.31373193148001866	0.3561146051231944	0.3169477686964359	0.3106659991430135	0.32032765459644164	0.3276549144508834	0.32032765459644164	0.31373193148001866	0.32389069425461553	0.30773764412939153	0.32032765459644164	0.3022471188556466	0.331643501310515	0.30773764412939153	0.3106659991430135	0.25218239713973195	0.32389069425461553	0.32389069425461553
G000011365	0.29718727553283053	0.0	0.2820870274473271	0.22813642001706028	0.23848088447154453	0.2597337642165006	0.24137670742214845	0.3504702783083232	0.2820870274473271	0.23308270492107322	0.26991005616576047	0.20190501540567318	0.07867413334994622	0.28812564029324994	0.2765765491958868	0.26247455270352615	0.26108945054196464	0.24873173960440456	0.2558416733307445	0.19530184255346789	0.31373193148001866	0.16681535959526128	0.22142421109400806	0.20769970560970222	0.20240781135395203	0.3106659991430135	0.10790046834950999	0.2545965262129878	0.27484196684537837	0.31373193148001866	0.23942977993725656	0.29718727553283053	0.2924965377783548	0.23942977993725656	0.11489135717023892	0.18705019610076667	0.2258126035470329	0.29027403426670284	0.2545965262129878	0.28403705611170943	0.20446571368220878	0.20394447413525468	0.3022471188556466	0.1264406266284957	0.20825656316420882	0.11659849036816783	0.11489135717023892	0.2996674483382237	0.20140648046064907	0.24237348254622648
G000012725	0.3764506193583299	0.2820870274473271	0.0	0.2545965262129878	0.2558416733307445	0.16734516358982282	0.2715111677956824	0.36899799538875855	0.32389069425461553	0.24873173960440456	0.25218239713973195	0.3106659991430135	0.2924965377783548	0.2996674483382237	0.27484196684537837	0.27484196684537837	0.2715111677956824	0.27836008247293903	0.28604781058084794	0.2801958129262342	0.3764506193583299	0.30773764412939153	0.2996674483382237	0.28403705611170943	0.29718727553283053	0.3847777168863248	0.29718727553283053	0.2545965262129878	0.30773764412939153	0.3561146051231944	0.2715111677956824	0.32389069425461553	0.3106659991430135	0.2765765491958868	0.28812564029324994	0.2801958129262342	0.2545965262129878	0.3106659991430135	0.2597337642165006	0.31373193148001866	0.2924965377783548	0.2820870274473271	0.3504702783083232	0.2765765491958868	0.2801958129262342	0.29027403426670284	0.28812564029324994	0.3847777168863248	0.29718727553283053	0.3106659991430135
G000013365	0.29718727553283053	0.22813642001706028	0.2545965262129878	0.0	0.17149153517990956	0.2444194986283164	0.16787909470400164	0.3276549144508834	0.2653421900839795	0.1510218676894143	0.25711143327125874	0.23662644399026972	0.22142421109400806	0.2653421900839795	0.25218239713973195	0.25218239713973195	0.25840875040513483	0.16014619505917255	0.23222902345297736	0.22357679863476257	0.3022471188556466	0.2207232639139157	0.26108945054196464	0.24873173960440456	0.23138720372649813	0.29718727553283053	0.23754691420859134	0.1926946084113642	0.25218239713973195	0.30773764412939153	0.23394828759700556	0.26389207279748966	0.3022471188556466	0.1709198596026057	0.22813642001706028	0.20714721551151838	0.12727910646204169	0.26991005616576047	0.22431278529329657	0.2765765491958868	0.22813642001706028	0.21800490608085682	0.26682794331323434	0.22813642001706028	0.22431278529329657	0.23222902345297736	0.2207232639139157	0.2801958129262342	0.22357679863476257	0.24762491944345802
G000013745	0.3276549144508834	0.23848088447154453	0.2558416733307445	0.17149153517990956	0.0	0.2433868009929111	0.15423194282169847	0.331643501310515	0.28604781058084794	0.17854950453545188	0.26389207279748966	0.25337727496771145	0.23848088447154453	0.25840875040513483	0.2597337642165006	0.25711143327125874	0.26682794331323434	0.20394447413525468	0.25337727496771145	0.23222902345297736	0.3169477686964359	0.22657648943489755	0.2597337642165006	0.25711143327125874	0.24237348254622648	0.31373193148001866	0.24237348254622648	0.20605924898358907	0.26108945054196464	0.3561146051231944	0.23222902345297736	0.29718727553283053	0.28604781058084794	0.16374637174233103	0.23848088447154453	0.22142421109400806	0.19020464642320478	0.2765765491958868	0.2444194986283164	0.28403705611170943	0.2305572069254928	0.23848088447154453	0.29027403426670284	0.23754691420859134	0.23662644399026972	0.23482717926450708	0.23394828759700556	0.30773764412939153	0.22142421109400806	0.23754691420859134
G000013885	0.34525307337277605	0.2597337642165006	0.16734516358982282	0.2444194986283164	0.2433868009929111	0.0	0.24653640027767587	0.34525307337277605	0.3106659991430135	0.24137670742214845	0.2444194986283164	0.26991005616576047	0.2597337642165006	0.30773764412939153	0.25101038204265297	0.25337727496771145	0.25337727496771145	0.24237348254622648	0.24653640027767587	0.26108945054196464	0.32389069425461553	0.25101038204265297	0.28604781058084794	0.27836008247293903	0.2597337642165006	0.34525307337277605	0.25711143327125874	0.24873173960440456	0.27836008247293903	0.3561146051231944	0.23942977993725656	0.3022471188556466	0.331643501310515	0.24237348254622648	0.25711143327125874	0.24762491944345802	0.2545965262129878	0.2924965377783548	0.24039503369398013	0.30773764412939153	0.2558416733307445	0.25218239713973195	0.3276549144508834	0.24762491944345802	0.25337727496771145	0.24762491944345802	0.25101038204265297	0.31373193148001866	0.23848088447154453	0.25101038204265297
G000014825	0.3561146051231944	0.24137670742214845	0.2715111677956824	0.16787909470400164	0.15423194282169847	0.24653640027767587	0.0	0.3276549144508834	0.2801958129262342	0.18628832938500356	0.24762491944345802	0.2558416733307445	0.2545965262129878	0.26682794331323434	0.27484196684537837	0.2545965262129878	0.2715111677956824	0.19574829894890117	0.25218239713973195	0.22973899487760674	0.3169477686964359	0.24762491944345802	0.27836008247293903	0.24873173960440456	0.25711143327125874	0.34525307337277605	0.24039503369398013	0.17822349561517994	0.25711143327125874	0.331643501310515	0.2433868009929111	0.3022471188556466	0.29718727553283053	0.18666788340004897	0.2357194255859042	0.23662644399026972	0.18628832938500356	0.2597337642165006	0.22893253004811306	0.2820870274473271	0.25101038204265297	0.25218239713973195	0.29027403426670284	0.2444194986283164	0.24546887929073957	0.2433868009929111	0.23222902345297736	0.2996674483382237	0.22505759462756314	0.25101038204265297
G000017645	0.21353419835850074	0.3504702783083232	0.36899799538875855	0.3276549144508834	0.331643501310515	0.34525307337277605	0.3276549144508834	0.0	0.2558416733307445	0.32032765459644164	0.34525307337277605	0.32389069425461553	0.3106659991430135	0.32032765459644164	0.28604781058084794	0.2731545668227686	0.331643501310515	0.33588342363246515	0.3561146051231944	0.3276549144508834	0.26991005616576047	0.34040718308838414	0.33588342363246515	0.331643501310515	0.34525307337277605	0.19711007399609232	0.3106659991430135	0.3504702783083232	0.34525307337277605	0.15634516080273697	0.34040718308838414	0.24762491944345802	0.3049347968005296	0.3106659991430135	0.33588342363246515	0.32389069425461553	0.33588342363246515	0.2996674483382237	0.3276549144508834	0.3561146051231944	0.36226032139107867	0.31373193148001866	0.3561146051231944	0.32032765459644164	0.331643501310515	0.34525307337277605	0.331643501310515	0.2683495390574761	0.33588342363246515	0.36899799538875855
G000092925	0.23942977993725656	0.2820870274473271	0.32389069425461553	0.2653421900839795	0.28604781058084794	0.3106659991430135	0.2801958129262342	0.2558416733307445	0.0	0.28403705611170943	0.3022471188556466	0.3049347968005296	0.29027403426670284	0.28812564029324994	0.331643501310515	0.31373193148001866	0.29718727553283053	0.29027403426670284	0.3169477686964359	0.2801958129262342	0.1526025129881488	0.29479823755555046	0.32389069425461553	0.32032765459644164	0.31373193148001866	0.23482717926450708	0.28403705611170943	0.27836008247293903	0.2996674483382237	0.24653640027767587	0.3106659991430135	0.15699582276060037	0.28403705611170943	0.29027403426670284	0.29718727553283053	0.29718727553283053	0.2801958129262342	0.27484196684537837	0.28403705611170943	0.2801958129262342	0.30773764412939153	0.3049347968005296	0.31373193148001866	0.2820870274473271	0.30773764412939153	0.28403705611170943	0.27836008247293903	0.146023978368658	0.3049347968005296	0.3106659991430135
G000195775	0.32032765459644164	0.23308270492107322	0.24873173960440456	0.1510218676894143	0.17854950453545188	0.24137670742214845	0.18628832938500356	0.32032765459644164	0.28403705611170943	0.0	0.26247455270352615	0.25337727496771145	0.23482717926450708	0.2558416733307445	0.24039503369398013	0.23848088447154453	0.25840875040513483	0.15787659392713846	0.23394828759700556	0.2258126035470329	0.31373193148001866	0.22973899487760674	0.2653421900839795	0.2597337642165006	0.2444194986283164	0.3106659991430135	0.24546887929073957	0.1966524080780005	0.25840875040513483	0.331643501310515	0.24653640027767587	0.2996674483382237	0.29027403426670284	0.18553876176543305	0.2444194986283164	0.22213253749827977	0.14967891897036179	0.27836008247293903	0.2433868009929111	0.28403705611170943	0.24237348254622648	0.23308270492107322	0.30773764412939153	0.22284960942422377	0.23662644399026972	0.23394828759700556	0.2433868009929111	0.29718727553283053	0.23482717926450708	0.2545965262129878
G000218565	0.34525307337277605	0.26991005616576047	0.25218239713973195	0.25711143327125874	0.26389207279748966	0.2444194986283164	0.24762491944345802	0.34525307337277605	0.3022471188556466	0.26247455270352615	0.0	0.2731545668227686	0.26682794331323434	0.3049347968005296	0.26991005616576047	0.24873173960440456	0.1795423574944602	0.2765765491958868	0.24039503369398013	0.28812564029324994	0.34525307337277605	0.2683495390574761	0.29718727553283053	0.29718727553283053	0.2715111677956824	0.32389069425461553	0.27484196684537837	0.2545965262129878	0.27836008247293903	0.36226032139107867	0.27836008247293903	0.3049347968005296	0.32389069425461553	0.25101038204265297	0.2801958129262342	0.26991005616576047	0.24986112559927015	0.3022471188556466	0.23222902345297736	0.2924965377783548	0.2801958129262342	0.2683495390574761	0.31373193148001866	0.25337727496771145	0.2801958129262342	0.25711143327125874	0.26108945054196464	0.3106659991430135	0.2715111677956824	0.26682794331323434
G000239815	0.33588342363246515	0.20190501540567318	0.3106659991430135	0.23662644399026972	0.25337727496771145	0.26991005616576047	0.2558416733307445	0.32389069425461553	0.3049347968005296	0.25337727496771145	0.2731545668227686	0.0	0.20605924898358907	0.3106659991430135	0.29027403426670284	0.28604781058084794	0.2683495390574761	0.25840875040513483	0.2820870274473271	0.17987783756694659	0.32389069425461553	0.21054242275835122	0.22973899487760674	0.20714721551151838	0.22142421109400806	0.36226032139107867	0.2093873845977167	0.26108945054196464	0.29718727553283053	0.34525307337277605	0.24762491944345802	0.2996674483382237	0.29479823755555046	0.25101038204265297	0.20605924898358907	0.20769970560970222	0.2433868009929111	0.29027403426670284	0.26389207279748966	0.30773764412939153	0.23482717926450708	0.22505759462756314	0.28812564029324994	0.20605924898358907	0.2433868009929111	0.2117204608762137	0.2117204608762137	0.34040718308838414	0.22284960942422377	0.27484196684537837
G000284375	0.29718727553283053	0.07867413334994622	0.2924965377783548	0.22142421109400806	0.23848088447154453	0.2597337642165006	0.2545965262129878	0.3106659991430135	0.29027403426670284	0.23482717926450708	0.26682794331323434	0.20605924898358907	0.0	0.3022471188556466	0.2801958129262342	0.25337727496771145	0.26991005616576047	0.23754691420859134	0.26108945054196464	0.19757192350759648	0.3169477686964359	0.16203534296686417	0.21734455709591402	0.20769970560970222	0.1948582451298305	0.31373193148001866	0.10805983813883302	0.24653640027767587	0.28604781058084794	0.31373193148001866	0.23394828759700556	0.3049347968005296	0.29718727553283053	0.23394828759700556	0.12169510459304586	0.18089536117269608	0.22431278529329657	0.3049347968005296	0.25101038204265297	0.28403705611170943	0.2055224332253041	0.20240781135395203	0.29479823755555046	0.12469089420587862	0.2117204608762137	0.11621425079982883	0.11306484354476842	0.29718727553283053	0.20499125869386792	0.24137670742214845
G000293785	0.29479823755555046	0.28812564029324994	0.2996674483382237	0.2653421900839795	0.25840875040513483	0.30773764412939153	0.26682794331323434	0.32032765459644164	0.28812564029324994	0.2558416733307445	0.3049347968005296	0.3106659991430135	0.3022471188556466	0.0	0.3022471188556466	0.30773764412939153	0.2996674483382237	0.26991005616576047	0.3106659991430135	0.27484196684537837	0.32389069425461553	0.29718727553283053	0.3106659991430135	0.30773764412939153	0.29718727553283053	0.28403705611170943	0.29479823755555046	0.2820870274473271	0.29718727553283053	0.29718727553283053	0.31373193148001866	0.26682794331323434	0.28604781058084794	0.26682794331323434	0.29479823755555046	0.28812564029324994	0.2597337642165006	0.24653640027767587	0.29479823755555046	0.26682794331323434	0.3022471188556466	0.28812564029324994	0.2801958129262342	0.2924965377783548	0.29479823755555046	0.3022471188556466	0.29479823755555046	0.28812564029324994	0.3049347968005296	0.32389069425461553
G000308295	0.33588342363246515	0.2765765491958868	0.27484196684537837	0.25218239713973195	0.2597337642165006	0.25101038204265297	0.27484196684537837	0.28604781058084794	0.331643501310515	0.24039503369398013	0.26991005616576047	0.29027403426670284	0.2801958129262342	0.3022471188556466	0.0	0.14035827590534722	0.26389207279748966	0.2683495390574761	0.1634988574551521	0.28403705611170943	0.3561146051231944	0.2683495390574761	0.28812564029324994	0.28604781058084794	0.2765765491958868	0.3847777168863248	0.28812564029324994	0.2765765491958868	0.2715111677956824	0.40502263323733745	0.25711143327125874	0.34525307337277605	0.3276549144508834	0.2597337642165006	0.27836008247293903	0.2653421900839795	0.24762491944345802	0.32389069425461553	0.21734455709591402	0.2996674483382237	0.2597337642165006	0.26108945054196464	0.3504702783083232	0.27484196684537837	0.27836008247293903	0.29027403426670284	0.27484196684537837	0.3561146051231944	0.25840875040513483	0.2545965262129878
G000314675	0.32032765459644164	0.26247455270352615	0.27484196684537837	0.25218239713973195	0.25711143327125874	0.25337727496771145	0.2545965262129878	0.2731545668227686	0.31373193148001866	0.23848088447154453	0.24873173960440456	0.28604781058084794	0.25337727496771145	0.30773764412939153	0.14035827590534722	0.0	0.2357194255859042	0.26108945054196464	0.1561296302882911	0.27836008247293903	0.34525307337277605	0.2545965262129878	0.27836008247293903	0.2715111677956824	0.2731545668227686	0.3504702783083232	0.26991005616576047	0.2558416733307445	0.28403705611170943	0.32389069425461553	0.26247455270352615	0.3022471188556466	0.3106659991430135	0.2801958129262342	0.27484196684537837	0.26682794331323434	0.24039503369398013	0.32032765459644164	0.1788781939203654	0.2820870274473271	0.25840875040513483	0.24237348254622648	0.30773764412939153	0.26991005616576047	0.2545965262129878	0.26991005616576047	0.26682794331323434	0.3276549144508834	0.24039503369398013	0.25337727496771145
G000314735	0.32389069425461553	0.26108945054196464	0.2715111677956824	0.25840875040513483	0.26682794331323434	0.25337727496771145	0.2715111677956824	0.331643501310515	0.29718727553283053	0.25840875040513483	0.1795423574944602	0.2683495390574761	0.26991005616576047	0.2996674483382237	0.26389207279748966	0.2357194255859042	0.0	0.26682794331323434	0.22973899487760674	0.2683495390574761	0.3847777168863248	0.26108945054196464	0.29479823755555046	0.3106659991430135	0.27484196684537837	0.32032765459644164	0.26991005616576047	0.26247455270352615	0.2996674483382237	0.3276549144508834	0.2801958129262342	0.32389069425461553	0.331643501310515	0.2653421900839795	0.26682794331323434	0.26108945054196464	0.25711143327125874	0.32389069425461553	0.22431278529329657	0.3106659991430135	0.26991005616576047	0.2653421900839795	0.32032765459644164	0.26108945054196464	0.28604781058084794	0.25711143327125874	0.2653421900839795	0.33588342363246515	0.2653421900839795	0.2731545668227686
G000333455	0.30773764412939153	0.24873173960440456	0.27836008247293903	0.16014619505917255	0.20394447413525468	0.24237348254622648	0.19574829894890117	0.33588342363246515	0.29027403426670284	0.15787659392713846	0.2765765491958868	0.25840875040513483	0.23754691420859134	0.26991005616576047	0.2683495390574761	0.26108945054196464	0.26682794331323434	0.0	0.24873173960440456	0.22003101685243362	0.32032765459644164	0.23394828759700556	0.2653421900839795	0.2597337642165006	0.2558416733307445	0.29027403426670284	0.24873173960440456	0.2123188014747317	0.26108945054196464	0.32389069425461553	0.2444194986283164	0.27836008247293903	0.2801958129262342	0.20042346693072297	0.24039503369398013	0.23308270492107322	0.14874064941214804	0.28812564029324994	0.24653640027767587	0.2924965377783548	0.2653421900839795	0.24039503369398013	0.26108945054196464	0.23848088447154453	0.24653640027767587	0.2444194986283164	0.23848088447154453	0.31373193148001866	0.22735198685539015	0.24653640027767587
G000336555	0.331643501310515	0.2558416733307445	0.28604781058084794	0.23222902345297736	0.25337727496771145	0.24653640027767587	0.25218239713973195	0.3561146051231944	0.3169477686964359	0.23394828759700556	0.24039503369398013	0.2820870274473271	0.26108945054196464	0.3106659991430135	0.1634988574551521	0.1561296302882911	0.22973899487760674	0.24873173960440456	0.0	0.26247455270352615	0.32032765459644164	0.25101038204265297	0.2653421900839795	0.25337727496771145	0.26108945054196464	0.33588342363246515	0.2731545668227686	0.2433868009929111	0.2653421900839795	0.3561146051231944	0.25711143327125874	0.3049347968005296	0.3276549144508834	0.25101038204265297	0.2653421900839795	0.24653640027767587	0.24237348254622648	0.3049347968005296	0.21353419835850074	0.28604781058084794	0.25101038204265297	0.24762491944345802	0.3106659991430135	0.24137670742214845	0.24873173960440456	0.25101038204265297	0.2545965262129878	0.331643501310515	0.24873173960440456	0.24873173960440456
G000344805	0.3106659991430135	0.19530184255346789	0.2801958129262342	0.22357679863476257	0.23222902345297736	0.26108945054196464	0.22973899487760674	0.3276549144508834	0.2801958129262342	0.2258126035470329	0.28812564029324994	0.17987783756694659	0.19757192350759648	0.27484196684537837	0.28403705611170943	0.27836008247293903	0.2683495390574761	0.22003101685243362	0.26247455270352615	0.0	0.29027403426670284	0.20446571368220878	0.24653640027767587	0.22284960942422377	0.22142421109400806	0.3022471188556466	0.20240781135395203	0.24137670742214845	0.26991005616576047	0.331643501310515	0.24762491944345802	0.28403705611170943	0.29718727553283053	0.23942977993725656	0.20605924898358907	0.20240781135395203	0.22142421109400806	0.2924965377783548	0.2597337642165006	0.31373193148001866	0.23848088447154453	0.22735198685539015	0.2924965377783548	0.20499125869386792	0.22893253004811306	0.20605924898358907	0.19803666198016007	0.2924965377783548	0.20769970560970222	0.26247455270352615
G000378025	0.2558416733307445	0.31373193148001866	0.3764506193583299	0.3022471188556466	0.3169477686964359	0.32389069425461553	0.3169477686964359	0.26991005616576047	0.1526025129881488	0.31373193148001866	0.34525307337277605	0.32389069425461553	0.3169477686964359	0.32389069425461553	0.3561146051231944	0.34525307337277605	0.3847777168863248	0.32032765459644164	0.32032765459644164	0.29027403426670284	0.0	0.32389069425461553	0.34525307337277605	0.33588342363246515	0.33588342363246515	0.24653640027767587	0.3169477686964359	0.3049347968005296	0.3276549144508834	0.26389207279748966	0.32389069425461553	0.18406743300396836	0.2996674483382237	0.34040718308838414	0.32389069425461553	0.331643501310515	0.32389069425461553	0.3022471188556466	0.3276549144508834	0.331643501310515	0.33588342363246515	0.32032765459644164	0.3561146051231944	0.3106659991430135	0.32032765459644164	0.31373193148001866	0.32032765459644164	0.07098832778202296	0.3276549144508834	0.34525307337277605
G000379145	0.32389069425461553	0.16681535959526128	0.30773764412939153	0.2207232639139157	0.22657648943489755	0.25101038204265297	0.24762491944345802	0.34040718308838414	0.29479823755555046	0.22973899487760674	0.2683495390574761	0.21054242275835122	0.16203534296686417	0.29718727553283053	0.2683495390574761	0.2545965262129878	0.26108945054196464	0.23394828759700556	0.25101038204265297	0.20446571368220878	0.32389069425461553	0.0	0.22357679863476257	0.2088191186537985	0.185912811277528	0.3022471188556466	0.1819321103103758	0.23138720372649813	0.26247455270352615	0.3106659991430135	0.2305572069254928	0.30773764412939153	0.28604781058084794	0.22657648943489755	0.18980011497417584	0.13498642195216798	0.22735198685539015	0.30773764412939153	0.24137670742214845	0.29718727553283053	0.18980011497417584	0.18158424477137006	0.29718727553283053	0.1851661787460195	0.20042346693072297	0.1926946084113642	0.19711007399609232	0.331643501310515	0.18158424477137006	0.24546887929073957
G000472385	0.331643501310515	0.22142421109400806	0.2996674483382237	0.26108945054196464	0.2597337642165006	0.28604781058084794	0.27836008247293903	0.33588342363246515	0.32389069425461553	0.2653421900839795	0.29718727553283053	0.22973899487760674	0.21734455709591402	0.3106659991430135	0.28812564029324994	0.27836008247293903	0.29479823755555046	0.2653421900839795	0.2653421900839795	0.24653640027767587	0.34525307337277605	0.22357679863476257	0.0	0.1966524080780005	0.21934744644115023	0.3764506193583299	0.22973899487760674	0.2597337642165006	0.30773764412939153	0.3504702783083232	0.2433868009929111	0.331643501310515	0.3276549144508834	0.26682794331323434	0.23308270492107322	0.2207232639139157	0.2597337642165006	0.3276549144508834	0.2765765491958868	0.32032765459644164	0.2258126035470329	0.2258126035470329	0.30773764412939153	0.22213253749827977	0.23942977993725656	0.22505759462756314	0.23482717926450708	0.34525307337277605	0.23394828759700556	0.26682794331323434
G000472425	0.331643501310515	0.20769970560970222	0.28403705611170943	0.24873173960440456	0.25711143327125874	0.27836008247293903	0.24873173960440456	0.331643501310515	0.32032765459644164	0.2597337642165006	0.29718727553283053	0.20714721551151838	0.20769970560970222	0.30773764412939153	0.28604781058084794	0.2715111677956824	0.3106659991430135	0.2597337642165006	0.25337727496771145	0.22284960942422377	0.33588342363246515	0.2088191186537985	0.1966524080780005	0.0	0.2207232639139157	0.33588342363246515	0.2093873845977167	0.2715111677956824	0.2820870274473271	0.36226032139107867	0.24546887929073957	0.33588342363246515	0.31373193148001866	0.26108945054196464	0.21292293296994425	0.20825656316420882	0.2715111677956824	0.31373193148001866	0.2715111677956824	0.3561146051231944	0.2207232639139157	0.2117204608762137	0.29479823755555046	0.2117204608762137	0.21934744644115023	0.20446571368220878	0.21934744644115023	0.34040718308838414	0.21477686769367976	0.2683495390574761
G000472865	0.32389069425461553	0.20240781135395203	0.29718727553283053	0.23138720372649813	0.24237348254622648	0.2597337642165006	0.25711143327125874	0.34525307337277605	0.31373193148001866	0.2444194986283164	0.2715111677956824	0.22142421109400806	0.1948582451298305	0.29718727553283053	0.2765765491958868	0.2731545668227686	0.27484196684537837	0.2558416733307445	0.26108945054196464	0.22142421109400806	0.33588342363246515	0.185912811277528	0.21934744644115023	0.2207232639139157	0.0	0.3106659991430135	0.20769970560970222	0.2558416733307445	0.27836008247293903	0.32032765459644164	0.2305572069254928	0.30773764412939153	0.2924965377783548	0.2597337642165006	0.20605924898358907	0.19143504078638374	0.24137670742214845	0.32032765459644164	0.25711143327125874	0.3169477686964359	0.19441879768891127	0.1910221048704871	0.2924965377783548	0.20190501540567318	0.20140648046064907	0.19897873811118794	0.21800490608085682	0.331643501310515	0.21112789771156504	0.24873173960440456
G000473085	0.14818483018721884	0.3106659991430135	0.3847777168863248	0.29718727553283053	0.31373193148001866	0.34525307337277605	0.34525307337277605	0.19711007399609232	0.23482717926450708	0.3106659991430135	0.32389069425461553	0.36226032139107867	0.31373193148001866	0.28403705611170943	0.3847777168863248	0.3504702783083232	0.32032765459644164	0.29027403426670284	0.33588342363246515	0.3022471188556466	0.24653640027767587	0.3022471188556466	0.3764506193583299	0.33588342363246515	0.3106659991430135	0.0	0.30773764412939153	0.32032765459644164	0.331643501310515	0.20042346693072297	0.32389069425461553	0.24873173960440456	0.28403705611170943	0.33588342363246515	0.30773764412939153	0.3049347968005296	0.31373193148001866	0.28403705611170943	0.331643501310515	0.29479823755555046	0.36226032139107867	0.31373193148001866	0.3504702783083232	0.3022471188556466	0.3504702783083232	0.3169477686964359	0.30773764412939153	0.24986112559927015	0.32389069425461553	0.33588342363246515
G000473125	0.31373193148001866	0.10790046834950999	0.29718727553283053	0.23754691420859134	0.24237348254622648	0.25711143327125874	0.24039503369398013	0.3106659991430135	0.28403705611170943	0.24546887929073957	0.27484196684537837	0.2093873845977167	0.10805983813883302	0.29479823755555046	0.28812564029324994	0.26991005616576047	0.26991005616576047	0.24873173960440456	0.2731545668227686	0.20240781135395203	0.3169477686964359	0.1819321103103758	0.22973899487760674	0.2093873845977167	0.20769970560970222	0.30773764412939153	0.0	0.2444194986283164	0.26682794331323434	0.3169477686964359	0.25101038204265297	0.3106659991430135	0.29479823755555046	0.24762491944345802	0.1280093946674184	0.19020464642320478	0.23394828759700556	0.30773764412939153	0.25711143327125874	0.2996674483382237	0.21112789771156504	0.20996269672723128	0.27836008247293903	0.13117705827227435	0.22357679863476257	0.12322450275934496	0.12492119991982117	0.31373193148001866	0.19993766487023476	0.24762491944345802
G000504425	0.34040718308838414	0.2545965262129878	0.2545965262129878	0.1926946084113642	0.20605924898358907	0.24873173960440456	0.17822349561517994	0.3504702783083232	0.27836008247293903	0.1966524080780005	0.2545965262129878	0.26108945054196464	0.24653640027767587	0.2820870274473271	0.2765765491958868	0.2558416733307445	0.26247455270352615	0.2123188014747317	0.2433868009929111	0.24137670742214845	0.3049347968005296	0.23138720372649813	0.2597337642165006	0.2715111677956824	0.2558416733307445	0.32032765459644164	0.2444194986283164	0.0	0.26991005616576047	0.331643501310515	0.24546887929073957	0.29479823755555046	0.3106659991430135	0.2117204608762137	0.25840875040513483	0.22893253004811306	0.19945609124340086	0.28604781058084794	0.23754691420859134	0.3022471188556466	0.23754691420859134	0.24653640027767587	0.3169477686964359	0.2558416733307445	0.2433868009929111	0.24986112559927015	0.23308270492107322	0.3106659991430135	0.2357194255859042	0.2597337642165006
G000516555	0.30773764412939153	0.27484196684537837	0.30773764412939153	0.25218239713973195	0.26108945054196464	0.27836008247293903	0.25711143327125874	0.34525307337277605	0.2996674483382237	0.25840875040513483	0.27836008247293903	0.29718727553283053	0.28604781058084794	0.29718727553283053	0.2715111677956824	0.28403705611170943	0.2996674483382237	0.26108945054196464	0.2653421900839795	0.26991005616576047	0.3276549144508834	0.26247455270352615	0.30773764412939153	0.2820870274473271	0.27836008247293903	0.331643501310515	0.26682794331323434	0.26991005616576047	0.0	0.34040718308838414	0.29027403426670284	0.3049347968005296	0.3106659991430135	0.26108945054196464	0.2820870274473271	0.26991005616576047	0.24873173960440456	0.30773764412939153	0.25711143327125874	0.28812564029324994	0.2801958129262342	0.2731545668227686	0.3169477686964359	0.2715111677956824	0.2820870274473271	0.28604781058084794	0.26991005616576047	0.31373193148001866	0.26682794331323434	0.28604781058084794
G000526175	0.20825656316420882	0.31373193148001866	0.3561146051231944	0.30773764412939153	0.3561146051231944	0.3561146051231944	0.331643501310515	0.15634516080273697	0.24653640027767587	0.331643501310515	0.36226032139107867	0.34525307337277605	0.31373193148001866	0.29718727553283053	0.40502263323733745	0.32389069425461553	0.3276549144508834	0.32389069425461553	0.3561146051231944	0.331643501310515	0.26389207279748966	0.3106659991430135	0.3504702783083232	0.36226032139107867	0.32032765459644164	0.20042346693072297	0.3169477686964359	0.331643501310515	0.34040718308838414	0.0	0.34525307337277605	0.24762491944345802	0.3276549144508834	0.3561146051231944	0.3561146051231944	0.32032765459644164	0.3276549144508834	0.3169477686964359	0.31373193148001866	0.34525307337277605	0.3561146051231944	0.31373193148001866	0.32389069425461553	0.3169477686964359	0.3276549144508834	0.3169477686964359	0.3169477686964359	0.26108945054196464	0.3504702783083232	0.36226032139107867
G000701345	0.34040718308838414	0.23942977993725656	0.2715111677956824	0.23394828759700556	0.23222902345297736	0.23942977993725656	0.2433868009929111	0.34040718308838414	0.3106659991430135	0.24653640027767587	0.27836008247293903	0.24762491944345802	0.23394828759700556	0.31373193148001866	0.25711143327125874	0.26247455270352615	0.2801958129262342	0.2444194986283164	0.25711143327125874	0.24762491944345802	0.32389069425461553	0.2305572069254928	0.2433868009929111	0.24546887929073957	0.2305572069254928	0.32389069425461553	0.25101038204265297	0.24546887929073957	0.29027403426670284	0.34525307337277605	0.0	0.31373193148001866	0.34525307337277605	0.23482717926450708	0.24039503369398013	0.22735198685539015	0.24986112559927015	0.32032765459644164	0.23942977993725656	0.30773764412939153	0.2123188014747317	0.218672529555001	0.3106659991430135	0.24039503369398013	0.21477686769367976	0.22893253004811306	0.2357194255859042	0.34525307337277605	0.20499125869386792	0.24986112559927015
G000702305	0.25218239713973195	0.29718727553283053	0.32389069425461553	0.26389207279748966	0.29718727553283053	0.3022471188556466	0.3022471188556466	0.24762491944345802	0.15699582276060037	0.2996674483382237	0.3049347968005296	0.2996674483382237	0.3049347968005296	0.26682794331323434	0.34525307337277605	0.3022471188556466	0.32389069425461553	0.27836008247293903	0.3049347968005296	0.28403705611170943	0.18406743300396836	0.30773764412939153	0.331643501310515	0.33588342363246515	0.30773764412939153	0.24873173960440456	0.3106659991430135	0.29479823755555046	0.3049347968005296	0.24762491944345802	0.31373193148001866	0.0	0.2715111677956824	0.29479823755555046	0.3276549144508834	0.30773764412939153	0.2731545668227686	0.26991005616576047	0.30773764412939153	0.3022471188556466	0.331643501310515	0.3106659991430135	0.29718727553283053	0.3106659991430135	0.31373193148001866	0.3022471188556466	0.2996674483382237	0.17987783756694659	0.331643501310515	0.331643501310515
G000751295	0.31373193148001866	0.2924965377783548	0.3106659991430135	0.3022471188556466	0.28604781058084794	0.331643501310515	0.29718727553283053	0.3049347968005296	0.28403705611170943	0.29027403426670284	0.32389069425461553	0.29479823755555046	0.29718727553283053	0.28604781058084794	0.3276549144508834	0.3106659991430135	0.331643501310515	0.2801958129262342	0.3276549144508834	0.29718727553283053	0.2996674483382237	0.28604781058084794	0.3276549144508834	0.31373193148001866	0.2924965377783548	0.28403705611170943	0.29479823755555046	0.3106659991430135	0.3106659991430135	0.3276549144508834	0.34525307337277605	0.2715111677956824	0.0	0.29027403426670284	0.29479823755555046	0.28403705611170943	0.29718727553283053	0.2996674483382237	0.3106659991430135	0.3106659991430135	0.34040718308838414	0.3276549144508834	0.32389069425461553	0.28812564029324994	0.32389069425461553	0.29027403426670284	0.3049347968005296	0.2924965377783548	0.29718727553283053	0.34525307337277605
G000935205	0.3561146051231944	0.23942977993725656	0.2765765491958868	0.1709198596026057	0.16374637174233103	0.24237348254622648	0.18666788340004897	0.3106659991430135	0.29027403426670284	0.18553876176543305	0.25101038204265297	0.25101038204265297	0.23394828759700556	0.26682794331323434	0.2597337642165006	0.2801958129262342	0.2653421900839795	0.20042346693072297	0.25101038204265297	0.23942977993725656	0.34040718308838414	0.22657648943489755	0.26682794331323434	0.26108945054196464	0.2597337642165006	0.33588342363246515	0.24762491944345802	0.2117204608762137	0.26108945054196464	0.3561146051231944	0.23482717926450708	0.29479823755555046	0.29027403426670284	0.0	0.24039503369398013	0.22142421109400806	0.1837058003084337	0.29027403426670284	0.18939837615660138	0.30773764412939153	0.23942977993725656	0.22813642001706028	0.32389069425461553	0.24137670742214845	0.25711143327125874	0.2444194986283164	0.23942977993725656	0.3169477686964359	0.22505759462756314	0.24237348254622648
G000938285	0.3169477686964359	0.11489135717023892	0.28812564029324994	0.22813642001706028	0.23848088447154453	0.25711143327125874	0.2357194255859042	0.33588342363246515	0.29718727553283053	0.2444194986283164	0.2801958129262342	0.20605924898358907	0.12169510459304586	0.29479823755555046	0.27836008247293903	0.27484196684537837	0.26682794331323434	0.24039503369398013	0.2653421900839795	0.20605924898358907	0.32389069425461553	0.18980011497417584	0.23308270492107322	0.21292293296994425	0.20605924898358907	0.30773764412939153	0.1280093946674184	0.25840875040513483	0.2820870274473271	0.3561146051231944	0.24039503369398013	0.3276549144508834	0.29479823755555046	0.24039503369398013	0.0	0.18158424477137006	0.22657648943489755	0.30773764412939153	0.24762491944345802	0.3106659991430135	0.21353419835850074	0.20996269672723128	0.2924965377783548	0.13263880765119807	0.22003101685243362	0.12988579403800787	0.1234472850166711	0.31373193148001866	0.21112789771156504	0.24039503369398013
G000938305	0.3106659991430135	0.18705019610076667	0.2801958129262342	0.20714721551151838	0.22142421109400806	0.24762491944345802	0.23662644399026972	0.32389069425461553	0.29718727553283053	0.22213253749827977	0.26991005616576047	0.20769970560970222	0.18089536117269608	0.28812564029324994	0.2653421900839795	0.26682794331323434	0.26108945054196464	0.23308270492107322	0.24653640027767587	0.20240781135395203	0.331643501310515	0.13498642195216798	0.2207232639139157	0.20825656316420882	0.19143504078638374	0.3049347968005296	0.19020464642320478	0.22893253004811306	0.26991005616576047	0.32032765459644164	0.22735198685539015	0.30773764412939153	0.28403705611170943	0.22142421109400806	0.18158424477137006	0.0	0.21540830420900098	0.29479823755555046	0.24137670742214845	0.29479823755555046	0.18705019610076667	0.18553876176543305	0.2820870274473271	0.19020464642320478	0.19530184255346789	0.1926946084113642	0.1935497354276064	0.32389069425461553	0.1795423574944602	0.2305572069254928
G001295845	0.32032765459644164	0.2258126035470329	0.2545965262129878	0.12727910646204169	0.19020464642320478	0.2545965262129878	0.18628832938500356	0.33588342363246515	0.2801958129262342	0.14967891897036179	0.24986112559927015	0.2433868009929111	0.22431278529329657	0.2597337642165006	0.24762491944345802	0.24039503369398013	0.25711143327125874	0.14874064941214804	0.24237348254622648	0.22142421109400806	0.32389069425461553	0.22735198685539015	0.2597337642165006	0.2715111677956824	0.24137670742214845	0.31373193148001866	0.23394828759700556	0.19945609124340086	0.24873173960440456	0.3276549144508834	0.24986112559927015	0.2731545668227686	0.29718727553283053	0.1837058003084337	0.22657648943489755	0.21540830420900098	0.0	0.2715111677956824	0.23138720372649813	0.27836008247293903	0.23222902345297736	0.22213253749827977	0.29479823755555046	0.22813642001706028	0.2305572069254928	0.23222902345297736	0.22813642001706028	0.28403705611170943	0.22813642001706028	0.2305572069254928
G001402875	0.3276549144508834	0.29027403426670284	0.3106659991430135	0.26991005616576047	0.2765765491958868	0.2924965377783548	0.2597337642165006	0.2996674483382237	0.27484196684537837	0.27836008247293903	0.3022471188556466	0.29027403426670284	0.3049347968005296	0.24653640027767587	0.32389069425461553	0.32032765459644164	0.32389069425461553	0.28812564029324994	0.3049347968005296	0.2924965377783548	0.3022471188556466	0.30773764412939153	0.3276549144508834	0.31373193148001866	0.32032765459644164	0.28403705611170943	0.30773764412939153	0.28604781058084794	0.30773764412939153	0.3169477686964359	0.32032765459644164	0.26991005616576047	0.2996674483382237	0.29027403426670284	0.30773764412939153	0.29479823755555046	0.2715111677956824	0.0	0.31373193148001866	0.29027403426670284	0.31373193148001866	0.29479823755555046	0.331643501310515	0.2924965377783548	0.29718727553283053	0.3022471188556466	0.29718727553283053	0.2801958129262342	0.3106659991430135	0.31373193148001866
G001425835	0.32032765459644164	0.2545965262129878	0.2597337642165006	0.22431278529329657	0.2444194986283164	0.24039503369398013	0.22893253004811306	0.3276549144508834	0.28403705611170943	0.2433868009929111	0.23222902345297736	0.26389207279748966	0.25101038204265297	0.29479823755555046	0.21734455709591402	0.1788781939203654	0.22431278529329657	0.24653640027767587	0.21353419835850074	0.2597337642165006	0.3276549144508834	0.24137670742214845	0.2765765491958868	0.2715111677956824	0.25711143327125874	0.331643501310515	0.25711143327125874	0.23754691420859134	0.25711143327125874	0.31373193148001866	0.23942977993725656	0.30773764412939153	0.3106659991430135	0.18939837615660138	0.24762491944345802	0.24137670742214845	0.23138720372649813	0.31373193148001866	0.0	0.29027403426670284	0.25711143327125874	0.24873173960440456	0.3022471188556466	0.25337727496771145	0.2433868009929111	0.25711143327125874	0.25218239713973195	0.331643501310515	0.23662644399026972	0.24762491944345802
G001426945	0.31373193148001866	0.28403705611170943	0.31373193148001866	0.2765765491958868	0.28403705611170943	0.30773764412939153	0.2820870274473271	0.3561146051231944	0.2801958129262342	0.28403705611170943	0.2924965377783548	0.30773764412939153	0.28403705611170943	0.26682794331323434	0.2996674483382237	0.2820870274473271	0.3106659991430135	0.2924965377783548	0.28604781058084794	0.31373193148001866	0.331643501310515	0.29718727553283053	0.32032765459644164	0.3561146051231944	0.3169477686964359	0.29479823755555046	0.2996674483382237	0.3022471188556466	0.28812564029324994	0.34525307337277605	0.30773764412939153	0.3022471188556466	0.3106659991430135	0.30773764412939153	0.3106659991430135	0.29479823755555046	0.27836008247293903	0.29027403426670284	0.29027403426670284	0.0	0.29718727553283053	0.28403705611170943	0.29479823755555046	0.28403705611170943	0.3022471188556466	0.29479823755555046	0.29479823755555046	0.29718727553283053	0.28403705611170943	0.29718727553283053
